{
  "TagName": "objects\\levels\\solo\\100_citadel\\foliage\\plant_tree_pine\\plant_tree_pine",
  "TagType": "model",
  "TagVersion": "HaloOnlineED",
  "Bitmaps": null,
  "Animations": null,
  "RenderGeometry": null,
  "BlamScriptResource": null,
  "StructureBsp": null,
  "Sounds": null,
  "UnicodeStrings": null,
  "TagData": {
    "RenderModel": {
      "Type": "render_model",
      "Name": "objects\\levels\\solo\\100_citadel\\foliage\\plant_tree_pine\\plant_tree_pine"
    },
    "CollisionModel": {
      "Type": "collision_model",
      "Name": "objects\\levels\\solo\\100_citadel\\foliage\\plant_tree_pine\\plant_tree_pine"
    },
    "Animation": null,
    "PhysicsModel": {
      "Type": "physics_model",
      "Name": "objects\\levels\\solo\\100_citadel\\foliage\\plant_tree_pine\\plant_tree_pine"
    },
    "DisappearDistance": 116.8056,
    "BeginFadeDistance": 87.6042,
    "AnimationDistance": 0.0,
    "ShadowFadeDistance": 0.0,
    "InstanceDisappearDistance": 0.0,
    "LodModel": null,
    "Variants": [],
    "RegionSort": [],
    "InstanceGroups": [],
    "Materials": [
      {
        "MaterialName": "tough_organic_wood_tree_dynamic",
        "MaterialType": "Dirt",
        "DamageSectionIndex": -1,
        "RuntimeCollisionMaterialIndex": 0,
        "RuntimeDamagerMaterialIndex": -1,
        "GlobalMaterialName": "invalid",
        "GlobalMaterialIndex": 218
      }
    ],
    "NewDamageInfo": [],
    "Targets": [],
    "CollisionRegions": [
      {
        "Name": "bark",
        "CollisionRegionIndex": 0,
        "PhysicsRegionIndex": 0,
        "Permutations": [
          {
            "Name": "main",
            "Flags": "None",
            "CollisionPermutationIndex": 0,
            "PhysicsPermutationIndex": 0
          }
        ]
      },
      {
        "Name": "leaves",
        "CollisionRegionIndex": -1,
        "PhysicsRegionIndex": -1,
        "Permutations": [
          {
            "Name": "main",
            "Flags": "None",
            "CollisionPermutationIndex": -1,
            "PhysicsPermutationIndex": -1
          }
        ]
      }
    ],
    "Nodes": [
      {
        "Name": "main",
        "ParentNode": -1,
        "FirstChildNode": 1,
        "NextSiblingNode": -1,
        "ImportNodeIndex": 0,
        "DefaultTranslation": "X: 0, Y: 0, Z: 0",
        "DefaultRotation": "I: -0.7071068, J: -0, K: -0, W: -0.7071068",
        "DefaultScale": 1.0,
        "Inverse": "M11: 1, M12: 0, M13: 0, M21: 0, M22: 0, M23: -1, M31: 0, M32: 1, M33: 0, M41: -0, M42: -0, M43: 0"
      },
      {
        "Name": "hinge_roots",
        "ParentNode": 0,
        "FirstChildNode": 2,
        "NextSiblingNode": -1,
        "ImportNodeIndex": 0,
        "DefaultTranslation": "X: -0.00033288964, Y: 0.030381396, Z: 4.9497446E-09",
        "DefaultRotation": "I: 0.033208072, J: -0.03320822, K: -0.7063266, W: -0.7063266",
        "DefaultScale": 1.0,
        "Inverse": "M11: 0, M12: -1, M13: 2.0861626E-07, M21: 0.09382318, M22: -2.1234155E-07, M23: -0.9955889, M31: 0.9955889, M32: 0, M33: 0.09382318, M41: -0.030247381, M42: -0.00033288964, M43: -0.002850484"
      },
      {
        "Name": "hinge_trunk",
        "ParentNode": 1,
        "FirstChildNode": 3,
        "NextSiblingNode": -1,
        "ImportNodeIndex": 0,
        "DefaultTranslation": "X: 0.6536626, Y: -5.5879354E-08, Z: -2.8871E-08",
        "DefaultRotation": "I: 0, J: -2.682209E-07, K: 2.5331974E-07, W: -1",
        "DefaultScale": 1.0,
        "Inverse": "M11: 5.0663937E-07, M12: -1, M13: 2.086164E-07, M21: 0.093823716, M22: -1.6480688E-07, M23: -0.99558884, M31: 0.99558884, M32: 5.044046E-07, M33: 0.093823716, M41: -0.68391, M42: -0.00033316723, M43: -0.002850823"
      },
      {
        "Name": "hinge_branches",
        "ParentNode": 2,
        "FirstChildNode": 4,
        "NextSiblingNode": -1,
        "ImportNodeIndex": 0,
        "DefaultTranslation": "X: 0.5509829, Y: 0, Z: 2.2165477E-07",
        "DefaultRotation": "I: 0, J: 0, K: 0, W: -1",
        "DefaultScale": 1.0,
        "Inverse": "M11: 5.0663937E-07, M12: -1, M13: 2.086164E-07, M21: 0.093823716, M22: -1.6480688E-07, M23: -0.99558884, M31: 0.99558884, M32: 5.044046E-07, M33: 0.093823716, M41: -1.2348927, M42: -0.00033315623, M43: -0.0028510317"
      },
      {
        "Name": "hinge_mid_branch",
        "ParentNode": 3,
        "FirstChildNode": 5,
        "NextSiblingNode": -1,
        "ImportNodeIndex": 0,
        "DefaultTranslation": "X: 0.450351, Y: 0.0062998533, Z: -0.0020039566",
        "DefaultRotation": "I: 0, J: 0, K: 0, W: -1",
        "DefaultScale": 1.0,
        "Inverse": "M11: 5.0663937E-07, M12: -1, M13: 2.086164E-07, M21: 0.093823716, M22: -1.6480688E-07, M23: -0.99558884, M31: 0.99558884, M32: 5.044046E-07, M33: 0.093823716, M41: -1.6852437, M42: -0.0066330004, M43: -0.0008470863"
      },
      {
        "Name": "branch_01",
        "ParentNode": 4,
        "FirstChildNode": -1,
        "NextSiblingNode": 6,
        "ImportNodeIndex": 0,
        "DefaultTranslation": "X: 0.40351367, Y: 0.069045246, Z: -0.12777513",
        "DefaultRotation": "I: -2.8312206E-07, J: -0.33982846, K: -0.13593078, W: -0.9306124",
        "DefaultScale": 1.0,
        "Inverse": "M11: -0.2529977, M12: -0.9630458, M13: -0.09238529, M21: 0.6983934, M22: -0.115716636, M23: -0.70629764, M31: 0.66950643, M32: -0.24321301, M33: 0.70186085, M41: -1.6285634, M42: 0.4672955, M43: -1.2305132"
      },
      {
        "Name": "branch_02",
        "ParentNode": 4,
        "FirstChildNode": -1,
        "NextSiblingNode": 7,
        "ImportNodeIndex": 0,
        "DefaultTranslation": "X: 0.36592078, Y: -0.10906935, Z: -0.027462952",
        "DefaultRotation": "I: -0.1656113, J: -0.052217066, K: 0.29613745, W: -0.93922794",
        "DefaultScale": 1.0,
        "Inverse": "M11: 0.5389859, M12: -0.7697507, M13: 0.34202048, M21: 0.27216545, M22: -0.22511575, M23: -0.93554735, M31: 0.79713243, M32: 0.597333, M33: 0.08816532, M41: -1.7406485, M42: -1.0901924, M43: -0.010024652"
      },
      {
        "Name": "branch_03",
        "ParentNode": 4,
        "FirstChildNode": -1,
        "NextSiblingNode": 8,
        "ImportNodeIndex": 0,
        "DefaultTranslation": "X: 0.3674519, Y: -0.05719042, Z: 0.1578472",
        "DefaultRotation": "I: 0.6123724, J: 0.122787826, K: 0.35355335, W: -0.6963643",
        "DefaultScale": 1.0,
        "Inverse": "M11: 0.34202057, M12: -1.29618485E-08, M13: -0.9396925, M21: -0.53381956, M22: 0.82297397, M23: -0.19429475, M31: 0.7733425, M32: 0.56807905, M33: 0.28147408, M41: -1.590772, M42: -1.1978805, M43: -0.5251914"
      },
      {
        "Name": "branch_04",
        "ParentNode": 4,
        "FirstChildNode": -1,
        "NextSiblingNode": -1,
        "ImportNodeIndex": 0,
        "DefaultTranslation": "X: 0.3769529, Y: 0.1317144, Z: 0.054126196",
        "DefaultRotation": "I: -0.16773134, J: 0.044943452, K: -0.25488758, W: -0.9512511",
        "DefaultScale": 1.0,
        "Inverse": "M11: -0.46984684, M12: -0.81379724, M13: 0.3420205, M21: -0.08900233, M22: -0.34180373, M23: -0.93554735, M31: 0.8782497, M32: -0.4700046, M33: 0.08816554, M41: -1.8603166, M42: 0.9022307, M43: -0.004340902"
      }
    ],
    "RuntimeNodeListChecksum": 0,
    "ModelObjectData": [
      {
        "Type": "AutoGenerated",
        "Offset": "X: -0.0263324, Y: 0.072457, Z: 1.28458",
        "Radius": 1.46007
      }
    ],
    "PrimaryDialogue": null,
    "SecondaryDialogue": null,
    "Flags": "None",
    "DefaultDialogueEffect": "invalid",
    "RenderOnlyNodeFlags": [
      0,
      0,
      0,
      0,
      0,
      0,
      0,
      0
    ],
    "RenderOnlySectionFlags": [
      0,
      0,
      0,
      0,
      0,
      0,
      0,
      0
    ],
    "RuntimeFlags": "None",
    "ScenarioLoadParameters": [],
    "ShadowDetail": "AmbientOcclusion",
    "ShadowBounces": "TwoBounces",
    "ShadowCastOverrides": [
      {
        "Region": "bark",
        "Permutation": "invalid"
      },
      {
        "Region": "leaves",
        "Permutation": "invalid"
      }
    ],
    "ShadowReceiveOverrides": [],
    "OcclusionSpheres": [],
    "ShieldImpactThirdPerson": null,
    "ShieldImpactFirstPerson": null,
    "OvershieldThirdPerson": null,
    "OvershieldFirstPerson": null
  }
}