{
  "TagName": "objects\\levels\\solo\\100_citadel\\foliage\\plant_pine_tree_large\\plant_pine_tree_large",
  "TagType": "model",
  "Generate": false,
  "TagVersion": "HaloOnlineED",
  "Bitmaps": null,
  "Animations": null,
  "RenderGeometry": null,
  "BlamScriptResource": null,
  "StructureBsp": null,
  "Sounds": null,
  "UnicodeStrings": null,
  "TagData": {
    "RenderModel": {
      "Type": "render_model",
      "Name": "objects\\levels\\solo\\100_citadel\\foliage\\plant_pine_tree_large\\plant_pine_tree_large",
      "Generate": false
    },
    "CollisionModel": {
      "Type": "collision_model",
      "Name": "objects\\levels\\solo\\100_citadel\\foliage\\plant_pine_tree_large\\plant_pine_tree_large",
      "Generate": false
    },
    "Animation": null,
    "PhysicsModel": {
      "Type": "physics_model",
      "Name": "objects\\levels\\solo\\100_citadel\\foliage\\plant_pine_tree_large\\plant_pine_tree_large",
      "Generate": false
    },
    "DisappearDistance": 190.05063,
    "BeginFadeDistance": 142.53796,
    "AnimationDistance": 0.0,
    "ShadowFadeDistance": 0.0,
    "InstanceDisappearDistance": 0.0,
    "LodModel": null,
    "Variants": [],
    "RegionSort": [],
    "InstanceGroups": [],
    "Materials": [
      {
        "MaterialName": "tough_organic_wood_tree_dynamic",
        "MaterialType": "Dirt",
        "DamageSectionIndex": -1,
        "RuntimeCollisionMaterialIndex": 0,
        "RuntimeDamagerMaterialIndex": -1,
        "GlobalMaterialName": "invalid",
        "GlobalMaterialIndex": 218
      }
    ],
    "NewDamageInfo": [],
    "Targets": [],
    "CollisionRegions": [
      {
        "Name": "bark",
        "CollisionRegionIndex": 0,
        "PhysicsRegionIndex": 0,
        "Permutations": [
          {
            "Name": "main",
            "Flags": "None",
            "CollisionPermutationIndex": 0,
            "PhysicsPermutationIndex": 0
          }
        ]
      },
      {
        "Name": "leaves",
        "CollisionRegionIndex": -1,
        "PhysicsRegionIndex": -1,
        "Permutations": [
          {
            "Name": "main",
            "Flags": "None",
            "CollisionPermutationIndex": -1,
            "PhysicsPermutationIndex": -1
          }
        ]
      }
    ],
    "Nodes": [
      {
        "Name": "main",
        "ParentNode": -1,
        "FirstChildNode": 1,
        "NextSiblingNode": -1,
        "ImportNodeIndex": 0,
        "DefaultTranslation": "X: 0, Y: 0, Z: 0",
        "DefaultRotation": "I: -0.7071068, J: -0, K: -0, W: -0.7071068",
        "DefaultScale": 1.0,
        "Inverse": "M11: 1, M12: 0, M13: 0, M21: 0, M22: 0, M23: -1, M31: 0, M32: 1, M33: 0, M41: -0, M42: -0, M43: 0"
      },
      {
        "Name": "hinge_roots",
        "ParentNode": 0,
        "FirstChildNode": 2,
        "NextSiblingNode": -1,
        "ImportNodeIndex": 0,
        "DefaultTranslation": "X: -0.00033288964, Y: 0.031534847, Z: 5.137246E-09",
        "DefaultRotation": "I: 0.033208072, J: -0.03320822, K: -0.7063266, W: -0.7063266",
        "DefaultScale": 1.0,
        "Inverse": "M11: 0, M12: -1, M13: 2.0861626E-07, M21: 0.09382318, M22: -2.1234155E-07, M23: -0.9955889, M31: 0.9955889, M32: 0, M33: 0.09382318, M41: -0.031395745, M42: -0.00033288964, M43: -0.0029587047"
      },
      {
        "Name": "hinge_trunk",
        "ParentNode": 1,
        "FirstChildNode": 3,
        "NextSiblingNode": -1,
        "ImportNodeIndex": 0,
        "DefaultTranslation": "X: 1.0273522, Y: -5.5879354E-08, Z: 0.03521612",
        "DefaultRotation": "I: 2.9802322E-08, J: 0.04361917, K: 2.5331974E-07, W: -0.99904823",
        "DefaultScale": 1.0,
        "Inverse": "M11: 5.2173937E-07, M12: -1, M13: 1.2617531E-07, M21: 0.006695293, M22: -1.2732481E-07, M23: -0.9999776, M31: 0.9999776, M32: 5.0299946E-07, M33: 0.006695293, M41: -1.0580462, M42: -0.00033335062, M43: 0.054245953"
      },
      {
        "Name": "hinge_branches",
        "ParentNode": 2,
        "FirstChildNode": 4,
        "NextSiblingNode": -1,
        "ImportNodeIndex": 0,
        "DefaultTranslation": "X: 0.93595827, Y: 1.7881393E-07, Z: 0.03628006",
        "DefaultRotation": "I: -1.4901161E-08, J: -0.026176974, K: -1.4901161E-08, W: -0.9996573",
        "DefaultScale": 1.0,
        "Inverse": "M11: 4.8384857E-07, M12: -1, M13: 1.8232012E-07, M21: 0.059020955, M22: -1.5809061E-07, M23: -0.99825674, M31: 0.99825674, M32: 4.7419283E-07, M33: 0.059020955, M41: -1.992212, M42: -0.00033345286, M43: -0.08641697"
      },
      {
        "Name": "branch_01",
        "ParentNode": 3,
        "FirstChildNode": -1,
        "NextSiblingNode": 5,
        "ImportNodeIndex": 0,
        "DefaultTranslation": "X: 0.02980566, Y: 0.0753448, Z: -0.16302076",
        "DefaultRotation": "I: -2.8312206E-07, J: -0.33982864, K: -0.13593078, W: -0.9306123",
        "DefaultScale": 1.0,
        "Inverse": "M11: -0.25299767, M12: -0.9630458, M13: -0.092385374, M21: 0.67460275, M22: -0.10715814, M23: -0.73036176, M31: 0.6934719, M32: -0.24710329, M33: 0.67678404, M41: -1.547874, M42: 0.44576108, M43: -1.2270019"
      },
      {
        "Name": "branch_02",
        "ParentNode": 3,
        "FirstChildNode": -1,
        "NextSiblingNode": 6,
        "ImportNodeIndex": 0,
        "DefaultTranslation": "X: -0.0077871084, Y: -0.10276979, Z: -0.06270868",
        "DefaultRotation": "I: -0.16561134, J: -0.05221705, K: 0.2961374, W: -0.9392278",
        "DefaultScale": 1.0,
        "Inverse": "M11: 0.53898585, M12: -0.7697507, M13: 0.3420206, M21: 0.24418007, M22: -0.24582541, M23: -0.9380543, M31: 0.80614537, M32: 0.58911264, M33: 0.055461377, M41: -1.6761065, M42: -1.0660112, M43: -0.05731379"
      },
      {
        "Name": "branch_03",
        "ParentNode": 3,
        "FirstChildNode": -1,
        "NextSiblingNode": 7,
        "ImportNodeIndex": 0,
        "DefaultTranslation": "X: -0.006255865, Y: -0.050890982, Z: 0.12260165",
        "DefaultRotation": "I: 0.6123724, J: 0.12278777, K: 0.3535534, W: -0.69636434",
        "DefaultScale": 1.0,
        "Inverse": "M11: 0.34202075, M12: -7.467364E-09, M13: -0.9396924, M21: -0.56048363, M22: 0.80264693, M23: -0.20399974, M31: 0.75424135, M32: 0.5964544, M33: 0.2745219, M41: -1.573127, M42: -1.1164304, M43: -0.5187692"
      },
      {
        "Name": "branch_04",
        "ParentNode": 3,
        "FirstChildNode": -1,
        "NextSiblingNode": 8,
        "ImportNodeIndex": 0,
        "DefaultTranslation": "X: 0.0032451153, Y: 0.13801372, Z: 0.018880576",
        "DefaultRotation": "I: -0.1677314, J: 0.044943452, K: -0.25488758, W: -0.9512511",
        "DefaultScale": 1.0,
        "Inverse": "M11: -0.46984687, M12: -0.8137972, M13: 0.34202057, M21: -0.119598664, M22: -0.32519263, M23: -0.9380543, M31: 0.8746086, M32: -0.4816471, M33: 0.055461675, M41: -1.8111244, M42: 0.85395515, M43: -0.051630333"
      },
      {
        "Name": "hinge_mid_branch",
        "ParentNode": 3,
        "FirstChildNode": -1,
        "NextSiblingNode": -1,
        "ImportNodeIndex": 0,
        "DefaultTranslation": "X: 0.891186, Y: 0.006300032, Z: 0.039540194",
        "DefaultRotation": "I: 0, J: 0, K: 0, W: -1",
        "DefaultScale": 1.0,
        "Inverse": "M11: 4.8384857E-07, M12: -1, M13: 1.8232012E-07, M21: 0.059020955, M22: -1.5809061E-07, M23: -0.99825674, M31: 0.99825674, M32: 4.7419283E-07, M33: 0.059020955, M41: -2.883398, M42: -0.006633468, M43: -0.12595716"
      }
    ],
    "RuntimeNodeListChecksum": 0,
    "ModelObjectData": [
      {
        "Type": "AutoGenerated",
        "Offset": "X: -0.043684363, Y: 0.09743586, Z: 2.0086868",
        "Radius": 2.3756328
      }
    ],
    "PrimaryDialogue": null,
    "SecondaryDialogue": null,
    "Flags": "None",
    "DefaultDialogueEffect": "invalid",
    "RenderOnlyNodeFlags": [
      0,
      0,
      0,
      0,
      0,
      0,
      0,
      0
    ],
    "RenderOnlySectionFlags": [
      0,
      0,
      0,
      0,
      0,
      0,
      0,
      0
    ],
    "RuntimeFlags": "None",
    "ScenarioLoadParameters": [],
    "ShadowDetail": "AmbientOcclusion",
    "ShadowBounces": "ZeroBounces",
    "ShadowCastOverrides": [],
    "ShadowReceiveOverrides": [],
    "OcclusionSpheres": [],
    "ShieldImpactThirdPerson": null,
    "ShieldImpactFirstPerson": null,
    "OvershieldThirdPerson": null,
    "OvershieldFirstPerson": null
  }
}