{
  "TagName": "objects\\weapons\\pistol\\needler\\needler",
  "TagType": "model",
  "TagVersion": "HaloOnlineED",
  "Bitmaps": null,
  "Animations": null,
  "RenderGeometry": null,
  "BlamScriptResource": null,
  "StructureBsp": null,
  "Sounds": null,
  "UnicodeStrings": null,
  "TagData": {
    "RenderModel": {
      "Type": "render_model",
      "Name": "objects\\weapons\\pistol\\needler\\needler"
    },
    "CollisionModel": {
      "Type": "collision_model",
      "Name": "objects\\weapons\\pistol\\needler\\needler"
    },
    "Animation": {
      "Type": "model_animation_graph",
      "Name": "objects\\weapons\\pistol\\needler\\needler"
    },
    "PhysicsModel": {
      "Type": "physics_model",
      "Name": "objects\\weapons\\pistol\\needler\\needler"
    },
    "DisappearDistance": 18.0,
    "BeginFadeDistance": 14.0,
    "AnimationDistance": 0.0,
    "ShadowFadeDistance": 10.0,
    "InstanceDisappearDistance": 0.0,
    "LodModel": {
      "Type": "render_model",
      "Name": "objects\\weapons\\lod\\lod_needler\\lod_needler"
    },
    "Variants": [],
    "RegionSort": [],
    "InstanceGroups": [],
    "Materials": [
      {
        "MaterialName": "hard_metal_thin_cov_weapon",
        "MaterialType": "Dirt",
        "DamageSectionIndex": -1,
        "RuntimeCollisionMaterialIndex": 0,
        "RuntimeDamagerMaterialIndex": -1,
        "GlobalMaterialName": "invalid",
        "GlobalMaterialIndex": 64
      }
    ],
    "NewDamageInfo": [],
    "Targets": [],
    "CollisionRegions": [
      {
        "Name": "standard",
        "CollisionRegionIndex": 0,
        "PhysicsRegionIndex": 0,
        "Permutations": [
          {
            "Name": "standard",
            "Flags": "None",
            "CollisionPermutationIndex": 0,
            "PhysicsPermutationIndex": 0
          }
        ]
      }
    ],
    "Nodes": [
      {
        "Name": "gun",
        "ParentNode": -1,
        "FirstChildNode": 1,
        "NextSiblingNode": -1,
        "ImportNodeIndex": 0,
        "DefaultTranslation": "X: 0, Y: 0, Z: 0",
        "DefaultRotation": "I: -0, J: 8E-10, K: 0, W: -1",
        "DefaultScale": 1.0,
        "Inverse": "M11: 1, M12: 0, M13: -1.6E-09, M21: -0, M22: 1, M23: 0, M31: 1.6E-09, M32: 0, M33: 1, M41: 0, M42: -0, M43: 0"
      },
      {
        "Name": "needle_01",
        "ParentNode": 0,
        "FirstChildNode": -1,
        "NextSiblingNode": 2,
        "ImportNodeIndex": 0,
        "DefaultTranslation": "X: 0.06692004, Y: 0.000343196, Z: 0.011481752",
        "DefaultRotation": "I: -0.23746048, J: 0.29079354, K: 0.07620296, W: -0.9237125",
        "DefaultScale": 1.0,
        "Inverse": "M11: 0.8192645, M12: 0.002675309, M13: -0.5734096, M21: -0.27888322, M22: 0.87561125, M23: -0.39437178, M31: 0.50102884, M32: 0.48300907, M33: 0.7181033, M41: -0.06048219, M42: -0.0060253283, M43: 0.03026286"
      },
      {
        "Name": "needle_02",
        "ParentNode": 0,
        "FirstChildNode": -1,
        "NextSiblingNode": 3,
        "ImportNodeIndex": 0,
        "DefaultTranslation": "X: 0.06692004, Y: -0.00034000006, Z: 0.011481751",
        "DefaultRotation": "I: 0.07620299, J: -0.9237125, K: 0.23746046, W: -0.29079348",
        "DefaultScale": 1.0,
        "Inverse": "M11: -0.81926453, M12: -0.0026753985, M13: 0.57340956, M21: -0.27888322, M22: 0.87561125, M23: -0.39437172, M31: -0.5010288, M32: -0.48300907, M33: -0.71810335, M41: 0.060483083, M42: 0.0060225353, M43: -0.030261595"
      },
      {
        "Name": "needle_03",
        "ParentNode": 0,
        "FirstChildNode": -1,
        "NextSiblingNode": 4,
        "ImportNodeIndex": 0,
        "DefaultTranslation": "X: 0.073795564, Y: -0.00011730538, Z: 0.012534866",
        "DefaultRotation": "I: -0.049032364, J: 0.25665104, K: 0.016756551, W: -0.9651141",
        "DefaultScale": 1.0,
        "Inverse": "M11: 0.8676989, M12: 0.0071755536, M13: -0.49703833, M21: -0.057512384, M22: 0.9946301, M23: -0.08604248, M31: 0.49375185, M32: 0.103244826, M33: 0.86345214, M41: -0.07022819, M42: -0.0017070087, M43: 0.025845874"
      },
      {
        "Name": "needle_04",
        "ParentNode": 0,
        "FirstChildNode": -1,
        "NextSiblingNode": 5,
        "ImportNodeIndex": 0,
        "DefaultTranslation": "X: 0.073795564, Y: 0.00012, Z: 0.012534865",
        "DefaultRotation": "I: 0.01675654, J: -0.9651141, K: 0.049032364, W: -0.2566511",
        "DefaultScale": 1.0,
        "Inverse": "M11: -0.86769885, M12: -0.0071755257, M13: 0.49703842, M21: -0.057512365, M22: 0.9946301, M23: -0.086042486, M31: -0.493752, M32: -0.10324482, M33: -0.863452, M41: 0.070228346, M42: 0.0017043262, M43: -0.02584565"
      },
      {
        "Name": "needle_05",
        "ParentNode": 0,
        "FirstChildNode": -1,
        "NextSiblingNode": 6,
        "ImportNodeIndex": 0,
        "DefaultTranslation": "X: 0.0541932, Y: 0.00024767432, Z: 0.022904117",
        "DefaultRotation": "I: -0.1508425, J: 0.31252387, K: 0.052578963, W: -0.93638176",
        "DefaultScale": 1.0,
        "Inverse": "M11: 0.79912853, M12: 0.0041841934, M13: -0.60114557, M21: -0.19275174, M22: 0.948964, M23: -0.24962798, M31: 0.569421, M32: 0.3153567, M33: 0.75915074, M41: -0.056301676, M42: -0.0076847556, M43: 0.015252151"
      },
      {
        "Name": "needle_06",
        "ParentNode": 0,
        "FirstChildNode": -1,
        "NextSiblingNode": 7,
        "ImportNodeIndex": 0,
        "DefaultTranslation": "X: 0.045315035, Y: -0.0011759113, Z: 0.027442971",
        "DefaultRotation": "I: 0.006068141, J: 0.27018908, K: 0.0016865295, W: -0.9627867",
        "DefaultScale": 1.0,
        "Inverse": "M11: 0.85399, M12: 0.006526627, M13: -0.5202484, M21: 3.1554606E-05, M22: 0.99992067, M23: 0.012596014, M31: 0.5202893, M32: -0.010773287, M33: 0.85392207, M41: -0.052976836, M42: 0.0011757147, M43: 0.00015572789"
      },
      {
        "Name": "needle_07",
        "ParentNode": 0,
        "FirstChildNode": -1,
        "NextSiblingNode": 8,
        "ImportNodeIndex": 0,
        "DefaultTranslation": "X: 0.0541932, Y: -0.00025000004, Z: 0.022904115",
        "DefaultRotation": "I: 0.052579023, J: -0.9363818, K: 0.15084237, W: -0.31252378",
        "DefaultScale": 1.0,
        "Inverse": "M11: -0.79912865, M12: -0.0041844244, M13: 0.60114545, M21: -0.19275174, M22: 0.94896406, M23: -0.24962771, M31: -0.5694209, M32: -0.3153565, M33: -0.7591509, M41: 0.056301232, M42: 0.00768697, M43: -0.0152527215"
      },
      {
        "Name": "needle_08",
        "ParentNode": 0,
        "FirstChildNode": -1,
        "NextSiblingNode": 9,
        "ImportNodeIndex": 0,
        "DefaultTranslation": "X: 0.030905353, Y: 0.0003733083, Z: 0.02335599",
        "DefaultRotation": "I: -0.19821699, J: 0.32976303, K: 0.0728504, W: -0.92014086",
        "DefaultScale": 1.0,
        "Inverse": "M11: 0.7718983, M12: 0.0033359819, M13: -0.63573724, M21: -0.26479453, M22: 0.9108057, M23: -0.31672835, M31: 0.5779765, M32: 0.41282183, M33: 0.70393276, M41: -0.037256155, M42: -0.010084974, M43: 0.003324874"
      },
      {
        "Name": "needle_09",
        "ParentNode": 0,
        "FirstChildNode": -1,
        "NextSiblingNode": 10,
        "ImportNodeIndex": 0,
        "DefaultTranslation": "X: 0.02378482, Y: -9.133518E-05, Z: 0.038278963",
        "DefaultRotation": "I: -0.07312369, J: -0.05757662, K: -0.0014708169, W: -0.9956585",
        "DefaultScale": 1.0,
        "Inverse": "M11: 0.9933655, M12: 0.0054915654, M13: 0.11486838, M21: 0.011349291, M22: 0.9893015, M23: -0.14544307, M31: -0.11443817, M32: 0.1457818, M33: 0.98267573, M41: -0.019245408, M42: -0.005620634, M43: -0.040361214"
      },
      {
        "Name": "needle_10",
        "ParentNode": 0,
        "FirstChildNode": -1,
        "NextSiblingNode": 11,
        "ImportNodeIndex": 0,
        "DefaultTranslation": "X: 0.02378482, Y: 8.99997E-05, Z: 0.03827897",
        "DefaultRotation": "I: -0.0014708055, J: -0.9956585, K: 0.073123686, W: 0.05757659",
        "DefaultScale": 1.0,
        "Inverse": "M11: -0.9933654, M12: -0.005491584, M13: -0.11486831, M21: 0.011349263, M22: 0.9893015, M23: -0.14544305, M31: 0.11443812, M32: -0.14578179, M33: -0.9826756, M41: 0.019245423, M42: 0.005621956, M43: 0.040361024"
      },
      {
        "Name": "needle_11",
        "ParentNode": 0,
        "FirstChildNode": -1,
        "NextSiblingNode": 12,
        "ImportNodeIndex": 0,
        "DefaultTranslation": "X: 0.030905358, Y: -0.00036999825, Z: 0.02335599",
        "DefaultRotation": "I: -0.010390349, J: -0.97584283, K: 0.21092452, W: 0.05597901",
        "DefaultScale": 1.0,
        "Inverse": "M11: -0.9935168, M12: -0.0033359968, M13: -0.11363659, M21: 0.043893386, M22: 0.91080576, M23: -0.4104951, M31: 0.10487027, M32: -0.41282165, M33: -0.90475446, M41: 0.028271884, M42: 0.010081955, M43: 0.024491534"
      },
      {
        "Name": "needle_12",
        "ParentNode": 0,
        "FirstChildNode": -1,
        "NextSiblingNode": 13,
        "ImportNodeIndex": 0,
        "DefaultTranslation": "X: 0.005964937, Y: 0.00048079132, Z: 0.042403433",
        "DefaultRotation": "I: -0.22040796, J: 0.38658023, K: 0.09729764, W: -0.8902299",
        "DefaultScale": 1.0,
        "Inverse": "M11: 0.6821778, M12: 0.002823814, M13: -0.7311809, M21: -0.34364527, M22: 0.883907, M23: -0.3172008, M31: 0.64540017, M32: 0.4676542, M33: 0.6039521, M41: -0.031271107, M42: -0.020271963, M43: -0.021095688"
      },
      {
        "Name": "needle_13",
        "ParentNode": 0,
        "FirstChildNode": -1,
        "NextSiblingNode": 14,
        "ImportNodeIndex": 0,
        "DefaultTranslation": "X: 0.0059560523, Y: -0.0011222238, Z: 0.042411704",
        "DefaultRotation": "I: 0.0062507805, J: 0.40953034, K: 0.0007710778, W: -0.9122748",
        "DefaultScale": 1.0,
        "Inverse": "M11: 0.6645686, M12: 0.0065266383, M13: -0.74719876, M21: 0.0037128986, M22: 0.99992067, M23: 0.012036419, M31: 0.7472181, M32: -0.010773299, M33: 0.66449165, M41: -0.03564483, M42: 0.0015401758, M43: -0.02371836"
      },
      {
        "Name": "needle_14",
        "ParentNode": 0,
        "FirstChildNode": -1,
        "NextSiblingNode": -1,
        "ImportNodeIndex": 0,
        "DefaultTranslation": "X: 0.0059649367, Y: -0.00048000002, Z: 0.04240343",
        "DefaultRotation": "I: 0.097297646, J: -0.8902299, K: 0.22040795, W: -0.3865802",
        "DefaultScale": 1.0,
        "Inverse": "M11: -0.68217784, M12: -0.0028238439, M13: 0.73118085, M21: -0.34364522, M22: 0.883907, M23: -0.31720078, M31: -0.6454001, M32: -0.46765417, M33: -0.60395217, M41: 0.031271376, M42: 0.02027126, M43: 0.021095939"
      }
    ],
    "RuntimeNodeListChecksum": 0,
    "ModelObjectData": [
      {
        "Type": "AutoGenerated",
        "Offset": "X: 0.0171145, Y: 1.30385E-08, Z: 0.0152569",
        "Radius": 0.134826
      }
    ],
    "PrimaryDialogue": null,
    "SecondaryDialogue": null,
    "Flags": "None",
    "DefaultDialogueEffect": "invalid",
    "RenderOnlyNodeFlags": [
      32766,
      0,
      0,
      0,
      0,
      0,
      0,
      0
    ],
    "RenderOnlySectionFlags": [
      0,
      0,
      0,
      0,
      0,
      0,
      0,
      0
    ],
    "RuntimeFlags": "ContainsRuntimeNodes",
    "ScenarioLoadParameters": [],
    "ShadowDetail": "Quadratic",
    "ShadowBounces": "ThreeBounces",
    "ShadowCastOverrides": [],
    "ShadowReceiveOverrides": [],
    "OcclusionSpheres": [],
    "ShieldImpactThirdPerson": null,
    "ShieldImpactFirstPerson": null,
    "OvershieldThirdPerson": null,
    "OvershieldFirstPerson": null
  }
}