{
  "TagName": "objects\\weapons\\support_low\\brute_shot\\brute_shot",
  "TagType": "model",
  "Generate": false,
  "TagVersion": "HaloOnlineED",
  "Bitmaps": null,
  "Animations": null,
  "RenderGeometry": null,
  "BlamScriptResource": null,
  "StructureBsp": null,
  "Sounds": null,
  "UnicodeStrings": null,
  "TagData": {
    "RenderModel": {
      "Type": "render_model",
      "Name": "objects\\weapons\\support_low\\brute_shot\\brute_shot",
      "Generate": false
    },
    "CollisionModel": {
      "Type": "collision_model",
      "Name": "objects\\weapons\\support_low\\brute_shot\\brute_shot",
      "Generate": false
    },
    "Animation": null,
    "PhysicsModel": {
      "Type": "physics_model",
      "Name": "objects\\weapons\\support_low\\brute_shot\\brute_shot",
      "Generate": false
    },
    "DisappearDistance": 25.0,
    "BeginFadeDistance": 20.0,
    "AnimationDistance": 0.0,
    "ShadowFadeDistance": 14.0,
    "InstanceDisappearDistance": 0.0,
    "LodModel": {
      "Type": "render_model",
      "Name": "objects\\weapons\\lod\\lod_brute_shot\\lod_brute_shot",
      "Generate": false
    },
    "Variants": [],
    "RegionSort": [],
    "InstanceGroups": [],
    "Materials": [
      {
        "MaterialName": "hard_metal_thin_cov_weapon",
        "MaterialType": "Dirt",
        "DamageSectionIndex": -1,
        "RuntimeCollisionMaterialIndex": 0,
        "RuntimeDamagerMaterialIndex": -1,
        "GlobalMaterialName": "hard_metal_thin_cov_weapon",
        "GlobalMaterialIndex": 64
      }
    ],
    "NewDamageInfo": [],
    "Targets": [],
    "CollisionRegions": [
      {
        "Name": "gun",
        "CollisionRegionIndex": 0,
        "PhysicsRegionIndex": 0,
        "Permutations": [
          {
            "Name": "standard",
            "Flags": "None",
            "CollisionPermutationIndex": 0,
            "PhysicsPermutationIndex": 0
          }
        ]
      }
    ],
    "Nodes": [
      {
        "Name": "gun",
        "ParentNode": -1,
        "FirstChildNode": 1,
        "NextSiblingNode": -1,
        "ImportNodeIndex": 0,
        "DefaultTranslation": "X: 4.5709996E-09, Y: 0.018643886, Z: -2.332E-09",
        "DefaultRotation": "I: -0.6272115, J: 0.32650533, K: -0.32650542, W: -0.62721145",
        "DefaultScale": 1.0,
        "Inverse": "M11: 0.5735769, M12: -0.8191517, M13: 1.4901161E-07, M21: 5.9604645E-08, M22: -1.6391277E-07, M23: -1, M31: 0.81915164, M32: 0.5735769, M33: -4.4703484E-08, M41: -1.8228206E-09, M42: 8.137895E-09, M43: 0.018643886"
      },
      {
        "Name": "body",
        "ParentNode": 0,
        "FirstChildNode": 2,
        "NextSiblingNode": -1,
        "ImportNodeIndex": 0,
        "DefaultTranslation": "X: 0, Y: 0, Z: 0",
        "DefaultRotation": "I: 0.7071068, J: 1.1569493E-08, K: 1.9195749E-08, W: -0.70710677",
        "DefaultScale": 1.0,
        "Inverse": "M11: 0.5735769, M12: -2.6405578E-08, M13: -0.8191517, M21: 1.6096022E-08, M22: 1, M23: -4.4703484E-08, M31: 0.81915164, M32: 1.1967944E-08, M33: 0.5735769, M41: -1.0116508E-09, M42: -0.018643886, M43: 5.91537E-09"
      },
      {
        "Name": "barrel",
        "ParentNode": 1,
        "FirstChildNode": -1,
        "NextSiblingNode": 3,
        "ImportNodeIndex": 0,
        "DefaultTranslation": "X: 0.17022032, Y: 1.8626451E-09, Z: 0.026420005",
        "DefaultRotation": "I: -0.7071068, J: 1.48654955E-08, K: 7.239239E-09, W: -0.70710677",
        "DefaultScale": 1.0,
        "Inverse": "M11: 0.5735769, M12: -0.8191517, M13: 1.0612559E-07, M21: -1.5164796E-08, M22: -1.6391277E-07, M23: -1, M31: 0.81915164, M32: 0.5735769, M33: -1.0595099E-07, M41: -0.1702203, M42: -0.026419995, M43: 0.018643897"
      },
      {
        "Name": "slide",
        "ParentNode": 1,
        "FirstChildNode": 4,
        "NextSiblingNode": -1,
        "ImportNodeIndex": 0,
        "DefaultTranslation": "X: 0.1326818, Y: 0.022414872, Z: 0.03873208",
        "DefaultRotation": "I: -0.7071068, J: 1.48654955E-08, K: 7.239239E-09, W: -0.70710677",
        "DefaultScale": 1.0,
        "Inverse": "M11: 0.5735769, M12: -0.8191517, M13: 1.0612559E-07, M21: -1.5164796E-08, M22: -1.6391277E-07, M23: -1, M31: 0.81915164, M32: 0.5735769, M33: -1.0595099E-07, M41: -0.13268179, M42: -0.038732063, M43: 0.041058768"
      },
      {
        "Name": "ammo_cap",
        "ParentNode": 3,
        "FirstChildNode": -1,
        "NextSiblingNode": -1,
        "ImportNodeIndex": 0,
        "DefaultTranslation": "X: -0.031543367, Y: 0.01199282, Z: 0.022404868",
        "DefaultRotation": "I: 2.2650433E-09, J: -5.1877635E-08, K: -0.5, W: -0.8660254",
        "DefaultScale": 1.0,
        "Inverse": "M11: -0.4226177, M12: -0.90630805, M13: 1.1065567E-07, M21: -5.7415285E-08, M22: -1.16777755E-07, M23: -1, M31: 0.906308, M32: -0.42261764, M33: -2.1957256E-09, M41: -0.09449825, M42: 0.062225994, M43: 0.018653888"
      }
    ],
    "RuntimeNodeListChecksum": 0,
    "ModelObjectData": [
      {
        "Type": "AutoGenerated",
        "Offset": "X: 0.0380972, Y: 0.0186906, Z: 0.00562342",
        "Radius": 0.305698
      }
    ],
    "PrimaryDialogue": null,
    "SecondaryDialogue": null,
    "Flags": "None",
    "DefaultDialogueEffect": "invalid",
    "RenderOnlyNodeFlags": [
      28,
      0,
      0,
      0,
      0,
      0,
      0,
      0
    ],
    "RenderOnlySectionFlags": [
      0,
      0,
      0,
      0,
      0,
      0,
      0,
      0
    ],
    "RuntimeFlags": "ContainsRuntimeNodes",
    "ScenarioLoadParameters": [],
    "ShadowDetail": "Quadratic",
    "ShadowBounces": "ThreeBounces",
    "ShadowCastOverrides": [],
    "ShadowReceiveOverrides": [],
    "OcclusionSpheres": [],
    "ShieldImpactThirdPerson": null,
    "ShieldImpactFirstPerson": null,
    "OvershieldThirdPerson": null,
    "OvershieldFirstPerson": null
  }
}