{
  "TagName": "objects\\characters\\elite\\mp_elite\\mp_elite",
  "TagType": "render_model",
  "Generate": false,
  "TagVersion": "HaloOnlineED",
  "UnicodeStrings": null,
  "BitmapResources": null,
  "AnimationData": null,
  "BlamScriptResource": null,
  "TagData": {
    "Name": "mp_elite",
    "Flags": "None",
    "Version": 0,
    "Checksum": 504368913,
    "Regions": [
      {
        "Name": "body",
        "Permutations": [
          {
            "Name": "base",
            "MeshIndex": 0,
            "MeshCount": 1,
            "Unknown8": 0,
            "UnknownC": 0,
            "Unknown10": 0,
            "Unknown14": 0
          }
        ]
      },
      {
        "Name": "chest",
        "Permutations": [
          {
            "Name": "mp_raptor",
            "MeshIndex": 1,
            "MeshCount": 1,
            "Unknown8": 0,
            "UnknownC": 0,
            "Unknown10": 0,
            "Unknown14": 0
          },
          {
            "Name": "mp_predator",
            "MeshIndex": 9,
            "MeshCount": 1,
            "Unknown8": 0,
            "UnknownC": 0,
            "Unknown10": 0,
            "Unknown14": 0
          },
          {
            "Name": "mp_blades",
            "MeshIndex": 13,
            "MeshCount": 1,
            "Unknown8": 0,
            "UnknownC": 0,
            "Unknown10": 0,
            "Unknown14": 0
          },
          {
            "Name": "mp_scythe",
            "MeshIndex": 17,
            "MeshCount": 1,
            "Unknown8": 0,
            "UnknownC": 0,
            "Unknown10": 0,
            "Unknown14": 0
          }
        ]
      },
      {
        "Name": "d_torso",
        "Permutations": [
          {
            "Name": "base",
            "MeshIndex": 2,
            "MeshCount": 1,
            "Unknown8": 0,
            "UnknownC": 0,
            "Unknown10": 0,
            "Unknown14": 0
          }
        ]
      },
      {
        "Name": "decals",
        "Permutations": [
          {
            "Name": "base",
            "MeshIndex": 3,
            "MeshCount": 1,
            "Unknown8": 0,
            "UnknownC": 0,
            "Unknown10": 0,
            "Unknown14": 0
          }
        ]
      },
      {
        "Name": "eyelids",
        "Permutations": [
          {
            "Name": "base",
            "MeshIndex": 4,
            "MeshCount": 1,
            "Unknown8": 0,
            "UnknownC": 0,
            "Unknown10": 0,
            "Unknown14": 0
          }
        ]
      },
      {
        "Name": "head",
        "Permutations": [
          {
            "Name": "mp_raptor",
            "MeshIndex": 5,
            "MeshCount": 1,
            "Unknown8": 0,
            "UnknownC": 0,
            "Unknown10": 0,
            "Unknown14": 0
          },
          {
            "Name": "mp_blades",
            "MeshIndex": 10,
            "MeshCount": 1,
            "Unknown8": 0,
            "UnknownC": 0,
            "Unknown10": 0,
            "Unknown14": 0
          },
          {
            "Name": "base",
            "MeshIndex": 14,
            "MeshCount": 1,
            "Unknown8": 0,
            "UnknownC": 0,
            "Unknown10": 0,
            "Unknown14": 0
          },
          {
            "Name": "mp_scythe",
            "MeshIndex": 18,
            "MeshCount": 1,
            "Unknown8": 0,
            "UnknownC": 0,
            "Unknown10": 0,
            "Unknown14": 0
          },
          {
            "Name": "mp_predator",
            "MeshIndex": 21,
            "MeshCount": 1,
            "Unknown8": 0,
            "UnknownC": 0,
            "Unknown10": 0,
            "Unknown14": 0
          }
        ]
      },
      {
        "Name": "leftshoulder",
        "Permutations": [
          {
            "Name": "mp_raptor",
            "MeshIndex": 6,
            "MeshCount": 1,
            "Unknown8": 0,
            "UnknownC": 0,
            "Unknown10": 0,
            "Unknown14": 0
          },
          {
            "Name": "mp_predator",
            "MeshIndex": 11,
            "MeshCount": 1,
            "Unknown8": 0,
            "UnknownC": 0,
            "Unknown10": 0,
            "Unknown14": 0
          },
          {
            "Name": "mp_blades",
            "MeshIndex": 15,
            "MeshCount": 1,
            "Unknown8": 0,
            "UnknownC": 0,
            "Unknown10": 0,
            "Unknown14": 0
          },
          {
            "Name": "mp_scythe",
            "MeshIndex": 19,
            "MeshCount": 1,
            "Unknown8": 0,
            "UnknownC": 0,
            "Unknown10": 0,
            "Unknown14": 0
          },
          {
            "Name": "base",
            "MeshIndex": 22,
            "MeshCount": 1,
            "Unknown8": 0,
            "UnknownC": 0,
            "Unknown10": 0,
            "Unknown14": 0
          }
        ]
      },
      {
        "Name": "lights",
        "Permutations": [
          {
            "Name": "base",
            "MeshIndex": 7,
            "MeshCount": 1,
            "Unknown8": 0,
            "UnknownC": 0,
            "Unknown10": 0,
            "Unknown14": 0
          }
        ]
      },
      {
        "Name": "rightshoulder",
        "Permutations": [
          {
            "Name": "mp_raptor",
            "MeshIndex": 8,
            "MeshCount": 1,
            "Unknown8": 0,
            "UnknownC": 0,
            "Unknown10": 0,
            "Unknown14": 0
          },
          {
            "Name": "base",
            "MeshIndex": 12,
            "MeshCount": 1,
            "Unknown8": 0,
            "UnknownC": 0,
            "Unknown10": 0,
            "Unknown14": 0
          },
          {
            "Name": "mp_predator",
            "MeshIndex": 16,
            "MeshCount": 1,
            "Unknown8": 0,
            "UnknownC": 0,
            "Unknown10": 0,
            "Unknown14": 0
          },
          {
            "Name": "mp_blades",
            "MeshIndex": 20,
            "MeshCount": 1,
            "Unknown8": 0,
            "UnknownC": 0,
            "Unknown10": 0,
            "Unknown14": 0
          },
          {
            "Name": "mp_scythe",
            "MeshIndex": 23,
            "MeshCount": 1,
            "Unknown8": 0,
            "UnknownC": 0,
            "Unknown10": 0,
            "Unknown14": 0
          }
        ]
      }
    ],
    "Unknown18": 0,
    "InstanceStartingMeshIndex": -1,
    "InstancePlacements": [],
    "NodeListChecksum": 0,
    "Nodes": [
      {
        "Name": "pelvis",
        "ParentNode": -1,
        "FirstChildNode": 1,
        "NextSiblingNode": -1,
        "Flags": "None",
        "DefaultTranslation": "X: 0.01461428, Y: 2.8807998E-08, Z: 0.44002482",
        "DefaultRotation": "I: 0.49999917, J: 0.50000036, K: 0.4999992, W: -0.50000125",
        "DefaultScale": 1.0,
        "InverseForward": "I: 8.940697E-07, J: 0.99999994, K: -3.2484531E-06",
        "InverseLeft": "I: -8.940697E-07, J: 3.2782555E-06, K: 1",
        "InverseUp": "I: 1, J: -8.6426735E-07, K: 9.536743E-07",
        "InversePosition": "X: -0.44002482, Y: -0.014613899, Z: -4.0097456E-07",
        "DistanceFromParent": 0.0
      },
      {
        "Name": "l_thigh",
        "ParentNode": 0,
        "FirstChildNode": 5,
        "NextSiblingNode": 2,
        "Flags": "None",
        "DefaultTranslation": "X: -2.9802322E-08, Y: 4.0978193E-08, Z: 0.03984552",
        "DefaultRotation": "I: -0.28578824, J: -0.9443686, K: -0.13056651, W: 0.09718717",
        "DefaultScale": 1.0,
        "InverseForward": "I: 0.5143986, J: 0.8025547, K: 0.30215868",
        "InverseLeft": "I: 0.2581922, J: 0.19105807, K: -0.94701314",
        "InverseUp": "I: -0.81775975, J: 0.5651572, K: -0.10893345",
        "InversePosition": "X: 0.34202927, Y: -0.26802468, Z: 0.081251875",
        "DistanceFromParent": 0.03984552
      },
      {
        "Name": "physics_control",
        "ParentNode": 0,
        "FirstChildNode": -1,
        "NextSiblingNode": 3,
        "Flags": "None",
        "DefaultTranslation": "X: -0.44002482, Y: -0.014613896, Z: -3.713978E-07",
        "DefaultRotation": "I: -0.4999992, J: -0.50000036, K: -0.49999917, W: -0.5000013",
        "DefaultScale": 1.0,
        "InverseForward": "I: 0.99999994, J: 2.9801301E-08, K: -5.9607494E-08",
        "InverseLeft": "I: -2.9803175E-08, J: 1, K: -3.126388E-12",
        "InverseUp": "I: 8.940381E-08, J: 2.9799489E-08, K: 1",
        "InversePosition": "X: 7.904362E-09, Y: -2.9149747E-09, Z: -1.2629959E-08",
        "DistanceFromParent": 0.4402674
      },
      {
        "Name": "r_thigh",
        "ParentNode": 0,
        "FirstChildNode": 6,
        "NextSiblingNode": 4,
        "Flags": "None",
        "DefaultTranslation": "X: 2.9802322E-08, Y: -5.4948032E-08, Z: -0.039845552",
        "DefaultRotation": "I: -0.2857884, J: -0.9443683, K: 0.13056757, W: -0.09718848",
        "DefaultScale": 1.0,
        "InverseForward": "I: 0.51439977, J: 0.8025553, K: -0.30215523",
        "InverseLeft": "I: -0.25819042, J: -0.19105493, K: -0.9470141",
        "InverseUp": "I: -0.8177595, J: 0.5651574, K: 0.10893341",
        "InversePosition": "X: 0.34202912, Y: -0.2680248, Z: -0.081251875",
        "DistanceFromParent": 0.039845552
      },
      {
        "Name": "spine",
        "ParentNode": 0,
        "FirstChildNode": 7,
        "NextSiblingNode": -1,
        "Flags": "None",
        "DefaultTranslation": "X: 0.038051754, Y: 0.009917679, Z: 6.0611285E-09",
        "DefaultRotation": "I: 2.1049214E-06, J: 5.837097E-07, K: -0.04401648, W: -0.9990308",
        "DefaultScale": 1.0,
        "InverseForward": "I: 0.08794853, J: 0.996125, K: 9.0592255E-07",
        "InverseLeft": "I: 3.7869515E-07, J: -9.1296437E-07, K: 1",
        "InverseUp": "I: 0.99612504, J: -0.08794851, K: -3.979198E-07",
        "InversePosition": "X: -0.4783816, Y: 0.017609192, Z: 1.3465116E-07",
        "DistanceFromParent": 0.039322976
      },
      {
        "Name": "l_calf",
        "ParentNode": 1,
        "FirstChildNode": 8,
        "NextSiblingNode": -1,
        "Flags": "None",
        "DefaultTranslation": "X: 0.2164034, Y: 2.9802322E-08, Z: -2.9802322E-08",
        "DefaultRotation": "I: 7.086205E-09, J: 5.305146E-08, K: 0.77904624, W: -0.6269665",
        "DefaultScale": 1.0,
        "InverseForward": "I: -0.8939848, J: 0.33089432, K: 0.30215874",
        "InverseLeft": "I: -0.24184753, J: 0.21136741, K: -0.94701314",
        "InverseUp": "I: -0.37722772, J: -0.91969174, K: -0.10893335",
        "InversePosition": "X: 0.23496369, Y: 0.18003102, Z: 0.08125188",
        "DistanceFromParent": 0.2164034
      },
      {
        "Name": "r_calf",
        "ParentNode": 3,
        "FirstChildNode": 9,
        "NextSiblingNode": -1,
        "Flags": "None",
        "DefaultTranslation": "X: 0.2164034, Y: -2.9802322E-08, Z: 0",
        "DefaultRotation": "I: 1.9531699E-08, J: -2.901223E-08, K: -0.77904636, W: 0.6269663",
        "DefaultScale": 1.0,
        "InverseForward": "I: -0.89398605, J: 0.3308949, K: -0.30215526",
        "InverseLeft": "I: 0.24184416, J: -0.21136637, K: -0.9470141",
        "InverseUp": "I: -0.37722754, J: -0.9196919, K: 0.10893348",
        "InversePosition": "X: 0.2349637, Y: 0.18003106, Z: -0.0812519",
        "DistanceFromParent": 0.2164034
      },
      {
        "Name": "spine1",
        "ParentNode": 4,
        "FirstChildNode": 10,
        "NextSiblingNode": -1,
        "Flags": "None",
        "DefaultTranslation": "X: 0.046162456, Y: -0.000103024766, Z: -1.1775398E-09",
        "DefaultRotation": "I: -7.90249E-08, J: -1.0092754E-07, K: 4.400422E-08, W: -1",
        "DefaultScale": 1.0,
        "InverseForward": "I: 0.08794844, J: 0.996125, K: 7.6623803E-07",
        "InverseLeft": "I: 1.7684016E-07, J: -7.5491454E-07, K: 1",
        "InverseUp": "I: 0.99612504, J: -0.08794842, K: -1.8294665E-07",
        "InversePosition": "X: -0.52454406, Y: 0.017712167, Z: 2.4288218E-08",
        "DistanceFromParent": 0.04616257
      },
      {
        "Name": "l_horselink",
        "ParentNode": 5,
        "FirstChildNode": 13,
        "NextSiblingNode": -1,
        "Flags": "None",
        "DefaultTranslation": "X: 0.10232222, Y: 0, Z: 7.450581E-09",
        "DefaultRotation": "I: 1.4327217E-08, J: -7.357148E-08, K: -0.52863735, W: -0.84884775",
        "DefaultScale": 1.0,
        "InverseForward": "I: -0.097357176, J: 0.94827294, K: 0.30215868",
        "InverseLeft": "I: 0.08301973, J: 0.31028074, K: -0.94701314",
        "InverseUp": "I: -0.99178094, J: -0.06711347, K: -0.108933486",
        "InversePosition": "X: 0.22007775, Y: -0.039632138, Z: 0.0812519",
        "DistanceFromParent": 0.10232222
      },
      {
        "Name": "r_horselink",
        "ParentNode": 6,
        "FirstChildNode": 14,
        "NextSiblingNode": -1,
        "Flags": "None",
        "DefaultTranslation": "X: 0.10232222, Y: 2.9802322E-08, Z: 7.450581E-09",
        "DefaultRotation": "I: 5.001586E-08, J: -1.8695278E-08, K: -0.5286375, W: -0.84884775",
        "DefaultScale": 1.0,
        "InverseForward": "I: -0.0973569, J: 0.9482743, K: -0.3021552",
        "InverseLeft": "I: -0.08302015, J: -0.31027722, K: -0.9470141",
        "InverseUp": "I: -0.99178106, J: -0.067113444, K: 0.10893339",
        "InversePosition": "X: 0.22007777, Y: -0.039632168, Z: -0.0812519",
        "DistanceFromParent": 0.10232222
      },
      {
        "Name": "l_clavicle",
        "ParentNode": 7,
        "FirstChildNode": 15,
        "NextSiblingNode": 11,
        "Flags": "None",
        "DefaultTranslation": "X: 0.11777288, Y: 0.0010237433, Z: 0.025594901",
        "DefaultRotation": "I: -0.5260011, J: 0.037294105, K: -0.84936446, W: 0.022628933",
        "DefaultScale": 1.0,
        "InverseForward": "I: -0.11656397, J: -0.99240386, K: 0.039339993",
        "InverseLeft": "I: 0.89184546, J: -0.08715751, K: 0.44386417",
        "InverseUp": "I: -0.43706378, J: 0.08682375, K: 0.8952302",
        "InversePosition": "X: 0.2621074, Y: -0.013884713, Z: -0.5870363",
        "DistanceFromParent": 0.120526336
      },
      {
        "Name": "neck",
        "ParentNode": 7,
        "FirstChildNode": 16,
        "NextSiblingNode": 12,
        "Flags": "None",
        "DefaultTranslation": "X: 0.12939727, Y: -3.1944364E-05, Z: 3.6474717E-09",
        "DefaultRotation": "I: -1.1355422E-07, J: 9.544009E-07, K: -0.35607666, W: -0.93445677",
        "DefaultScale": 1.0,
        "InverseForward": "I: 0.7285441, J: 0.6849988, K: -2.719694E-07",
        "InverseLeft": "I: 1.4941797E-06, J: -1.1486221E-06, K: 1",
        "InverseUp": "I: 0.68499887, J: -0.7285442, K: -1.8007315E-06",
        "InversePosition": "X: -0.4763058, Y: 0.4484271, Z: 1.1103414E-06",
        "DistanceFromParent": 0.12939727
      },
      {
        "Name": "r_clavicle",
        "ParentNode": 7,
        "FirstChildNode": 17,
        "NextSiblingNode": -1,
        "Flags": "None",
        "DefaultTranslation": "X: 0.11777288, Y: 0.0010238998, Z: -0.025594892",
        "DefaultRotation": "I: 0.5260013, J: -0.03729163, K: -0.84936446, W: 0.022627428",
        "DefaultScale": 1.0,
        "InverseForward": "I: -0.11656017, J: -0.99240404, K: -0.039341945",
        "InverseLeft": "I: -0.89184594, J: 0.08715324, K: 0.4438638",
        "InverseUp": "I: -0.43706354, J: 0.08682378, K: -0.89523023",
        "InversePosition": "X: 0.26210725, Y: -0.013884729, Z: 0.5870363",
        "DistanceFromParent": 0.120526336
      },
      {
        "Name": "l_foot",
        "ParentNode": 8,
        "FirstChildNode": -1,
        "NextSiblingNode": -1,
        "Flags": "None",
        "DefaultTranslation": "X: 0.11405618, Y: -2.9802322E-08, Z: -7.450581E-09",
        "DefaultRotation": "I: -0.014872831, J: 0.054071687, K: -0.0344356, W: -0.9978323",
        "DefaultScale": 1.0,
        "InverseForward": "I: 6.535973E-08, J: 0.96029484, K: 0.2789869",
        "InverseLeft": "I: 1.8071658E-07, J: 0.278987, K: -0.960295",
        "InverseUp": "I: -1.0000001, J: 3.9677804E-08, K: -2.2448425E-07",
        "InversePosition": "X: 0.11134136, Y: -0.044868052, Z: 0.07073267",
        "DistanceFromParent": 0.11405618
      },
      {
        "Name": "r_foot",
        "ParentNode": 9,
        "FirstChildNode": -1,
        "NextSiblingNode": -1,
        "Flags": "None",
        "DefaultTranslation": "X: 0.1140562, Y: -7.450581E-09, Z: -1.4901161E-08",
        "DefaultRotation": "I: -0.014872965, J: 0.054071836, K: 0.03443555, W: 0.99783236",
        "DefaultScale": 1.0,
        "InverseForward": "I: 2.5690408E-08, J: 0.9602962, K: -0.27898312",
        "InverseLeft": "I: 5.7547673E-08, J: -0.2789832, K: -0.960296",
        "InverseUp": "I: -1.0000002, J: -4.38081E-08, K: -1.8140895E-07",
        "InversePosition": "X: 0.11134133, Y: -0.044868063, Z: -0.070732646",
        "DistanceFromParent": 0.1140562
      },
      {
        "Name": "l_upperarm",
        "ParentNode": 10,
        "FirstChildNode": 18,
        "NextSiblingNode": -1,
        "Flags": "None",
        "DefaultTranslation": "X: 0.101552606, Y: -6.519258E-09, Z: 0",
        "DefaultRotation": "I: 0.10277003, J: -0.44722867, K: 0.18336426, W: -0.869369",
        "DefaultScale": 1.0,
        "InverseForward": "I: 0.31642017, J: -0.944637, K: -0.08683005",
        "InverseLeft": "I: 0.18248466, J: -0.029209731, K: 0.9827748",
        "InverseUp": "I: -0.93090165, J: -0.32681492, K: 0.16313912",
        "InversePosition": "X: 0.5255978, Y: 0.2249503, Z: -0.20910892",
        "DistanceFromParent": 0.101552606
      },
      {
        "Name": "neck1",
        "ParentNode": 11,
        "FirstChildNode": 19,
        "NextSiblingNode": -1,
        "Flags": "None",
        "DefaultTranslation": "X: 0.05373448, Y: -2.7865171E-05, Z: 2.7389206E-08",
        "DefaultRotation": "I: 2.6091432E-06, J: 6.5945596E-06, K: -0.39649805, W: -0.91803557",
        "DefaultScale": 1.0,
        "InverseForward": "I: 0.99815243, J: -0.06075859, K: -1.0901264E-05",
        "InverseLeft": "I: 1.0227222E-05, J: -1.1895264E-05, K: 1",
        "InverseUp": "I: -0.060758594, J: -0.9981525, K: -1.1192295E-05",
        "InversePosition": "X: -0.036909666, Y: 0.6933197, Z: 8.3972145E-06",
        "DistanceFromParent": 0.05373449
      },
      {
        "Name": "r_upperarm",
        "ParentNode": 12,
        "FirstChildNode": 20,
        "NextSiblingNode": -1,
        "Flags": "None",
        "DefaultTranslation": "X: 0.10155259, Y: 6.519258E-09, Z: 0",
        "DefaultRotation": "I: -0.10277031, J: 0.4472288, K: 0.1833641, W: -0.8693689",
        "DefaultScale": 1.0,
        "InverseForward": "I: 0.31642082, J: -0.94463694, K: 0.08682645",
        "InverseLeft": "I: -0.18248329, J: 0.029206272, K: 0.9827751",
        "InverseUp": "I: -0.9309016, J: -0.32681492, K: -0.16313894",
        "InversePosition": "X: 0.5255978, Y: 0.22495036, Z: 0.2091088",
        "DistanceFromParent": 0.10155259
      },
      {
        "Name": "l_forearm",
        "ParentNode": 15,
        "FirstChildNode": 21,
        "NextSiblingNode": -1,
        "Flags": "None",
        "DefaultTranslation": "X: 0.12998155, Y: 1.4901161E-08, Z: 2.9802322E-08",
        "DefaultRotation": "I: 3.250278E-07, J: 1.307674E-07, K: 0.3827276, W: -0.9238612",
        "DefaultScale": 1.0,
        "InverseForward": "I: 0.89174455, J: -0.444131, K: -0.08683071",
        "InverseLeft": "I: 0.14968064, J: 0.10839558, K: 0.9827748",
        "InverseUp": "I: -0.42706862, J: -0.8893809, K: 0.16313888",
        "InversePosition": "X: 0.12063696, Y: 0.43881845, Z: -0.20910878",
        "DistanceFromParent": 0.12998155
      },
      {
        "Name": "head",
        "ParentNode": 16,
        "FirstChildNode": 22,
        "NextSiblingNode": -1,
        "Flags": "None",
        "DefaultTranslation": "X: 0.050891653, Y: 0, Z: -3.7871087E-07",
        "DefaultRotation": "I: -3.3938107E-08, J: -3.7780198E-06, K: 0.3295538, W: -0.9441368",
        "DefaultScale": 1.0,
        "InverseForward": "I: 0.81915164, J: 0.5735769, K: -3.6476476E-06",
        "InverseLeft": "I: 8.251726E-06, J: -5.3732388E-06, K: 1",
        "InverseUp": "I: 0.5735769, J: -0.8191517, K: -9.074896E-06",
        "InversePosition": "X: -0.5001742, Y: 0.48808506, Z: 6.37931E-06",
        "DistanceFromParent": 0.050891653
      },
      {
        "Name": "r_forearm",
        "ParentNode": 17,
        "FirstChildNode": 38,
        "NextSiblingNode": -1,
        "Flags": "None",
        "DefaultTranslation": "X: 0.12998155, Y: 0, Z: 0",
        "DefaultRotation": "I: 1.2541591E-08, J: 2.2339175E-09, K: 0.38272756, W: -0.92386127",
        "DefaultScale": 1.0,
        "InverseForward": "I: 0.891745, J: -0.4441307, K: 0.08682643",
        "InverseLeft": "I: -0.14967676, J: -0.10839754, K: 0.9827751",
        "InverseUp": "I: -0.42706883, J: -0.8893807, K: -0.16313896",
        "InversePosition": "X: 0.120637104, Y: 0.4388184, Z: 0.20910881",
        "DistanceFromParent": 0.12998155
      },
      {
        "Name": "l_hand",
        "ParentNode": 18,
        "FirstChildNode": 39,
        "NextSiblingNode": -1,
        "Flags": "None",
        "DefaultTranslation": "X: 0.14260831, Y: 2.9802322E-08, Z: -4.4703484E-08",
        "DefaultRotation": "I: -0.47056547, J: 0.068362996, K: 0.107873745, W: 0.8730738",
        "DefaultScale": 1.0,
        "InverseForward": "I: 0.8267526, J: -0.39238453, K: -0.40313125",
        "InverseLeft": "I: -0.058848493, J: -0.7729844, K: 0.63168997",
        "InverseUp": "I: -0.5594795, J: -0.4985275, K: -0.6621581",
        "InversePosition": "X: 0.07936088, Y: 0.40855664, Z: 0.25209942",
        "DistanceFromParent": 0.14260831
      },
      {
        "Name": "eye_left",
        "ParentNode": 19,
        "FirstChildNode": -1,
        "NextSiblingNode": 23,
        "Flags": "None",
        "DefaultTranslation": "X: 0.029582143, Y: 0.07846114, Z: 0.01929985",
        "DefaultRotation": "I: -0.7449815, J: -0.12665075, K: -0.5651663, W: -0.33098212",
        "DefaultScale": 1.0,
        "InverseForward": "I: 0.59239787, J: -0.5813917, K: 0.5577172",
        "InverseLeft": "I: 0.7582383, J: 0.6363111, K: -0.14206631",
        "InverseUp": "I: -0.2722855, J: 0.5070424, K: 0.81778276",
        "InversePosition": "X: 0.041578203, Y: -0.22078681, Z: -0.6311341",
        "DistanceFromParent": 0.086044975
      },
      {
        "Name": "eye_right",
        "ParentNode": 19,
        "FirstChildNode": -1,
        "NextSiblingNode": 24,
        "Flags": "None",
        "DefaultTranslation": "X: 0.029582083, Y: 0.07846117, Z: -0.019300155",
        "DefaultRotation": "I: -0.33098364, J: -0.5651673, K: -0.1266509, W: -0.74498004",
        "DefaultScale": 1.0,
        "InverseForward": "I: 0.59240276, J: 0.5813879, K: 0.55771595",
        "InverseLeft": "I: -0.7582384, J: 0.63630784, K: 0.14208095",
        "InverseUp": "I: -0.27227497, J: -0.50705075, K: 0.81778115",
        "InversePosition": "X: 0.04157052, Y: 0.22079293, Z: -0.63113284",
        "DistanceFromParent": 0.08604505
      },
      {
        "Name": "f_l_brow_inner",
        "ParentNode": 19,
        "FirstChildNode": -1,
        "NextSiblingNode": 25,
        "Flags": "None",
        "DefaultTranslation": "X: 0.04712844, Y: 0.090014756, Z: 0.019999824",
        "DefaultRotation": "I: -0.75919205, J: -0.18353514, K: -0.48488826, W: -0.39347896",
        "DefaultScale": 1.0,
        "InverseForward": "I: 0.7574826, J: -0.44162756, K: 0.4808172",
        "InverseLeft": "I: 0.59181243, J: 0.7754428, K: -0.2201059",
        "InverseUp": "I: -0.27564138, J: 0.45128003, K: 0.84874517",
        "InversePosition": "X: -0.0020718905, Y: -0.2071701, Z: -0.6445745",
        "DistanceFromParent": 0.103555486
      },
      {
        "Name": "f_l_brow_outer",
        "ParentNode": 19,
        "FirstChildNode": -1,
        "NextSiblingNode": 26,
        "Flags": "None",
        "DefaultTranslation": "X: 0.03820193, Y: 0.06789422, Z: 0.027999816",
        "DefaultRotation": "I: -0.78893656, J: 0.0121040195, K: -0.56595683, W: -0.23900934",
        "DefaultScale": 1.0,
        "InverseForward": "I: 0.4383679, J: -0.7451348, K: 0.50260097",
        "InverseLeft": "I: 0.8987956, J: 0.36342806, K: -0.24512541",
        "InverseUp": "I: -7.818836E-06, J: 0.5591907, K: 0.82903904",
        "InversePosition": "X: -0.112834774, Y: -0.22630064, Z: -0.635019",
        "DistanceFromParent": 0.082782865
      },
      {
        "Name": "f_l_lip_upper",
        "ParentNode": 19,
        "FirstChildNode": -1,
        "NextSiblingNode": 27,
        "Flags": "None",
        "DefaultTranslation": "X: 0.03581935, Y: 0.102122605, Z: 0.015022969",
        "DefaultRotation": "I: -0.7469676, J: -0.1625269, K: -0.43157765, W: -0.47892082",
        "DefaultScale": 1.0,
        "InverseForward": "I: 0.84709907, J: -0.41989046, K: 0.3257532",
        "InverseLeft": "I: 0.4890752, J: 0.85576385, K: -0.16874154",
        "InverseUp": "I: -0.20791489, J: 0.3022587, K: 0.9302748",
        "InversePosition": "X: -0.0620899, Y: -0.109941155, Z: -0.64849013",
        "DistanceFromParent": 0.10925998
      },
      {
        "Name": "f_l_mouth",
        "ParentNode": 19,
        "FirstChildNode": -1,
        "NextSiblingNode": 28,
        "Flags": "None",
        "DefaultTranslation": "X: 0.025500894, Y: 0.08952013, Z: 0.02299987",
        "DefaultRotation": "I: -0.7057887, J: 0.043166917, K: -0.4401845, W: -0.55338657",
        "DefaultScale": 1.0,
        "InverseForward": "I: 0.74314255, J: -0.66913307, K: 1.7676438E-06",
        "InverseLeft": "I: 0.6691331, J: 0.74314266, K: 7.1829177E-06",
        "InverseUp": "I: -6.109451E-06, J: -4.0692503E-06, K: 1",
        "InversePosition": "X: -0.16550092, Y: 0.11807516, Z: -0.6280006",
        "DistanceFromParent": 0.09588088
      },
      {
        "Name": "f_lip_middle",
        "ParentNode": 19,
        "FirstChildNode": -1,
        "NextSiblingNode": 29,
        "Flags": "None",
        "DefaultTranslation": "X: 0.037462175, Y: 0.10626048, Z: 2.2971422E-05",
        "DefaultRotation": "I: -0.6743807, J: -0.21263136, K: -0.21263036, W: -0.67437893",
        "DefaultScale": 1.0,
        "InverseForward": "I: 0.9999999, J: -3.0340036E-06, K: -1.4551246E-06",
        "InverseLeft": "I: 3.1112186E-06, J: 1, K: 6.3330735E-06",
        "InverseUp": "I: 1.4209521E-06, J: -6.2622007E-06, K: 0.99999994",
        "InversePosition": "X: -0.22140086, Y: -1.8473896E-05, Z: -0.62114775",
        "DistanceFromParent": 0.11267078
      },
      {
        "Name": "f_r_brow_inner",
        "ParentNode": 19,
        "FirstChildNode": -1,
        "NextSiblingNode": 30,
        "Flags": "None",
        "DefaultTranslation": "X: 0.04712838, Y: 0.090014815, Z: -0.020000169",
        "DefaultRotation": "I: -0.3934807, J: -0.48488924, K: -0.18353494, W: -0.7591907",
        "DefaultScale": 1.0,
        "InverseForward": "I: 0.7574864, J: 0.44162312, K: 0.48081517",
        "InverseLeft": "I: -0.5918115, J: 0.77543926, K: 0.22012047",
        "InverseUp": "I: -0.2756328, J: -0.4512902, K: 0.84874237",
        "InversePosition": "X: -0.0020781704, Y: 0.20717746, Z: -0.64457226",
        "DistanceFromParent": 0.103555575
      },
      {
        "Name": "f_r_brow_outer",
        "ParentNode": 19,
        "FirstChildNode": -1,
        "NextSiblingNode": 31,
        "Flags": "None",
        "DefaultTranslation": "X: 0.03820193, Y: 0.06789422, Z: -0.028000182",
        "DefaultRotation": "I: -0.2390104, J: -0.5659576, K: 0.012103946, W: -0.78893566",
        "DefaultScale": 1.0,
        "InverseForward": "I: 0.43837395, J: 0.7451327, K: 0.5025987",
        "InverseLeft": "I: -0.8987927, J: 0.36342472, K: 0.24514136",
        "InverseUp": "I: 6.018336E-06, J: -0.55919564, K: 0.82903576",
        "InversePosition": "X: -0.11284486, Y: 0.22630425, Z: -0.63501656",
        "DistanceFromParent": 0.082782984
      },
      {
        "Name": "f_r_lip_upper",
        "ParentNode": 19,
        "FirstChildNode": -1,
        "NextSiblingNode": 32,
        "Flags": "None",
        "DefaultTranslation": "X: 0.035686135, Y: 0.10214257, Z: -0.015000124",
        "DefaultRotation": "I: -0.47892222, J: -0.43157876, K: -0.16252665, W: -0.7469661",
        "DefaultScale": 1.0,
        "InverseForward": "I: 0.847102, J: 0.41988528, K: 0.3257521",
        "InverseLeft": "I: -0.48907295, J: 0.85576224, K: 0.16875626",
        "InverseUp": "I: -0.20790812, J: -0.3022703, K: 0.93027246",
        "InversePosition": "X: -0.062020067, Y: 0.109942816, Z: -0.64837426",
        "DistanceFromParent": 0.109231904
      },
      {
        "Name": "f_r_mouth",
        "ParentNode": 19,
        "FirstChildNode": -1,
        "NextSiblingNode": 33,
        "Flags": "None",
        "DefaultTranslation": "X: 0.025500774, Y: 0.089520246, Z: -0.02300013",
        "DefaultRotation": "I: -0.40855014, J: -0.4403345, K: -0.041616496, W: -0.79841113",
        "DefaultScale": 1.0,
        "InverseForward": "I: 0.7431468, J: 0.62040514, K: 0.25065964",
        "InverseLeft": "I: -0.6691284, J: 0.6890313, K: 0.27839392",
        "InverseUp": "I: 4.614085E-06, J: -0.37461102, K: 0.92718214",
        "InversePosition": "X: -0.16550861, Y: 0.12578173, Z: -0.62650084",
        "DistanceFromParent": 0.09588102
      },
      {
        "Name": "f_thoat",
        "ParentNode": 19,
        "FirstChildNode": -1,
        "NextSiblingNode": 34,
        "Flags": "None",
        "DefaultTranslation": "X: 0.002881229, Y: 0.07195008, Z: 2.2987912E-05",
        "DefaultRotation": "I: -0.50070125, J: -0.49929923, K: -0.49929738, W: -0.5007002",
        "DefaultScale": 1.0,
        "InverseForward": "I: 0.57587224, J: -8.2786266E-07, K: 0.81753963",
        "InverseLeft": "I: -6.1249334E-06, J: 1, K: 5.316335E-06",
        "InverseUp": "I: -0.8175397, J: -8.010007E-06, K: 0.57587224",
        "InversePosition": "X: 0.41472235, Y: -1.7765682E-05, Z: -0.50422066",
        "DistanceFromParent": 0.072007746
      },
      {
        "Name": "l_jaw_bot",
        "ParentNode": 19,
        "FirstChildNode": -1,
        "NextSiblingNode": 35,
        "Flags": "None",
        "DefaultTranslation": "X: -0.0028941333, Y: 0.05154386, Z: 0.020823218",
        "DefaultRotation": "I: -0.5548485, J: -0.39493373, K: -0.40815902, W: -0.6079284",
        "DefaultScale": 1.0,
        "InverseForward": "I: 0.82670903, J: -0.018210268, K: 0.56233484",
        "InverseLeft": "I: -0.027252086, J: 0.99700683, K: 0.07235082",
        "InverseUp": "I: -0.56196934, J: -0.07513784, K: 0.82373834",
        "InversePosition": "X: 0.23205511, Y: 0.03039756, Z: -0.6192863",
        "DistanceFromParent": 0.055666436
      },
      {
        "Name": "l_jaw_top",
        "ParentNode": 19,
        "FirstChildNode": -1,
        "NextSiblingNode": 36,
        "Flags": "None",
        "DefaultTranslation": "X: 0.0034290552, Y: 0.0624156, Z: 0.021806607",
        "DefaultRotation": "I: -0.5622654, J: -0.3281993, K: -0.40361077, W: -0.64283836",
        "DefaultScale": 1.0,
        "InverseForward": "I: 0.8851264, J: -0.09870789, K: 0.4547614",
        "InverseLeft": "I: 0.031913575, J: 0.98781973, K: 0.15229529",
        "InverseUp": "I: -0.46425512, J: -0.12028748, K: 0.87749547",
        "InversePosition": "X: 0.14625505, Y: 0.07176718, Z: -0.6393317",
        "DistanceFromParent": 0.06620418
      },
      {
        "Name": "r_jaw_bot",
        "ParentNode": 19,
        "FirstChildNode": -1,
        "NextSiblingNode": 37,
        "Flags": "None",
        "DefaultTranslation": "X: -0.0028814375, Y: 0.051567018, Z: -0.021282269",
        "DefaultRotation": "I: -0.59625363, J: -0.41892585, K: -0.3956436, W: -0.5589713",
        "DefaultScale": 1.0,
        "InverseForward": "I: 0.81542134, J: 0.033079546, K: 0.5779218",
        "InverseLeft": "I: 0.0034705459, J: 0.9980686, K: -0.06202499",
        "InverseUp": "I: -0.5788574, J: 0.05258225, K: 0.8137316",
        "InversePosition": "X: 0.24416323, Y: -0.017752156, Z: -0.61511827",
        "DistanceFromParent": 0.055860493
      },
      {
        "Name": "r_jaw_top",
        "ParentNode": 19,
        "FirstChildNode": -1,
        "NextSiblingNode": -1,
        "Flags": "None",
        "DefaultTranslation": "X: 0.0034170747, Y: 0.062394023, Z: -0.022255925",
        "DefaultRotation": "I: -0.64283955, J: -0.40361154, K: -0.32819876, W: -0.56226397",
        "DefaultScale": 1.0,
        "InverseForward": "I: 0.8851264, J: 0.09870216, K: 0.45476258",
        "InverseLeft": "I: -0.031915132, J: 0.98782206, K: -0.15228009",
        "InverseUp": "I: -0.4642549, J: 0.12027335, K: 0.8774975",
        "InversePosition": "X: 0.14626521, Y: -0.071312524, Z: -0.6394011",
        "DistanceFromParent": 0.06633262
      },
      {
        "Name": "r_hand",
        "ParentNode": 20,
        "FirstChildNode": 43,
        "NextSiblingNode": -1,
        "Flags": "None",
        "DefaultTranslation": "X: 0.14260833, Y: 0, Z: -1.4901161E-08",
        "DefaultRotation": "I: -0.47056565, J: 0.06836293, K: -0.10787368, W: -0.87307376",
        "DefaultScale": 1.0,
        "InverseForward": "I: 0.8267521, J: -0.39238763, K: 0.4031288",
        "InverseLeft": "I: 0.058851928, J: 0.7729829, K: 0.6316914",
        "InverseUp": "I: -0.5594796, J: -0.49852726, K: 0.6621581",
        "InversePosition": "X: 0.079360984, Y: 0.40855658, Z: -0.2520995",
        "DistanceFromParent": 0.14260833
      },
      {
        "Name": "l_index1",
        "ParentNode": 21,
        "FirstChildNode": 47,
        "NextSiblingNode": 40,
        "Flags": "None",
        "DefaultTranslation": "X: 0.07538411, Y: -0.009343982, Z: -0.01667127",
        "DefaultRotation": "I: -0.03648043, J: -0.056959726, K: -0.2435795, W: -0.9675194",
        "DefaultScale": 1.0,
        "InverseForward": "I: 0.57397676, J: -0.770665, K: -0.2768147",
        "InverseLeft": "I: -0.47742933, J: -0.58959025, K: 0.6514943",
        "InverseUp": "I: -0.66529095, J: -0.24178305, K: -0.7063492",
        "InversePosition": "X: 0.17734013, Y: 0.39177236, Z: 0.24891634",
        "DistanceFromParent": 0.07776892
      },
      {
        "Name": "l_pinky1",
        "ParentNode": 21,
        "FirstChildNode": 48,
        "NextSiblingNode": 41,
        "Flags": "None",
        "DefaultTranslation": "X: 0.0337534, Y: -0.0013905168, Z: 0.0118718445",
        "DefaultRotation": "I: 0.73402536, J: -0.06290799, K: 0.43249702, W: 0.51980364",
        "DefaultScale": 1.0,
        "InverseForward": "I: 0.08840195, J: -0.5565373, K: 0.82610637",
        "InverseLeft": "I: 0.12985459, J: 0.8287148, K: 0.5443987",
        "InverseUp": "I: -0.9875845, J: 0.059147727, K: 0.14552894",
        "InversePosition": "X: 0.3428861, Y: -0.03964366, Z: -0.3297022",
        "DistanceFromParent": 0.03580735
      },
      {
        "Name": "l_ring1",
        "ParentNode": 21,
        "FirstChildNode": 49,
        "NextSiblingNode": 42,
        "Flags": "None",
        "DefaultTranslation": "X: 0.074422374, Y: -0.007515818, Z: 0.007861465",
        "DefaultRotation": "I: -0.041055188, J: -0.017821394, K: -0.21622303, W: -0.97531766",
        "DefaultScale": 1.0,
        "InverseForward": "I: 0.58970785, J: -0.7372545, K: -0.3296979",
        "InverseLeft": "I: -0.3912073, J: -0.61790997, K: 0.6820149",
        "InverseUp": "I: -0.7065421, J: -0.2732092, K: -0.6528057",
        "InversePosition": "X: 0.17641602, Y: 0.3951312, Z: 0.21340477",
        "DistanceFromParent": 0.075212896
      },
      {
        "Name": "l_thumb1",
        "ParentNode": 21,
        "FirstChildNode": 50,
        "NextSiblingNode": -1,
        "Flags": "None",
        "DefaultTranslation": "X: 0.033864137, Y: 0.0019107461, Z: -0.021173239",
        "DefaultRotation": "I: 0.7135631, J: -0.03307295, K: -0.43732685, W: -0.5463324",
        "DefaultScale": 1.0,
        "InverseForward": "I: 0.6058926, J: 0.025855692, K: -0.7951264",
        "InverseLeft": "I: -0.7861757, J: -0.13349386, K: -0.60341305",
        "InverseUp": "I: -0.121746026, J: 0.9907124, K: -0.060555737",
        "InversePosition": "X: 0.02268678, Y: -0.3920554, Z: 0.29645687",
        "DistanceFromParent": 0.039984208
      },
      {
        "Name": "r_index1",
        "ParentNode": 38,
        "FirstChildNode": 51,
        "NextSiblingNode": 44,
        "Flags": "None",
        "DefaultTranslation": "X: 0.075384125, Y: -0.009344041, Z: 0.01667124",
        "DefaultRotation": "I: 0.036480416, J: 0.056959745, K: -0.24357949, W: -0.9675194",
        "DefaultScale": 1.0,
        "InverseForward": "I: 0.5739747, J: -0.7706672, K: 0.2768122",
        "InverseLeft": "I: 0.47743177, J: 0.5895872, K: 0.65149516",
        "InverseUp": "I: -0.66529095, J: -0.24178278, K: 0.70634925",
        "InversePosition": "X: 0.17734021, Y: 0.39177227, Z: -0.24891645",
        "DistanceFromParent": 0.07776894
      },
      {
        "Name": "r_pinky1",
        "ParentNode": 38,
        "FirstChildNode": 52,
        "NextSiblingNode": 45,
        "Flags": "None",
        "DefaultTranslation": "X: 0.03375342, Y: -0.0013905168, Z: -0.011871859",
        "DefaultRotation": "I: -0.7340254, J: 0.062908046, K: 0.43249688, W: 0.5198036",
        "DefaultScale": 1.0,
        "InverseForward": "I: 0.0884025, J: -0.5565339, K: -0.8261084",
        "InverseLeft": "I: -0.12985417, J: -0.828717, K: 0.54439527",
        "InverseUp": "I: -0.9875845, J: 0.059147697, K: -0.14552893",
        "InversePosition": "X: 0.3428861, Y: -0.039643627, Z: 0.32970217",
        "DistanceFromParent": 0.035807375
      },
      {
        "Name": "r_ring1",
        "ParentNode": 38,
        "FirstChildNode": 53,
        "NextSiblingNode": 46,
        "Flags": "None",
        "DefaultTranslation": "X: 0.07442239, Y: -0.0075158477, Z: -0.00786148",
        "DefaultRotation": "I: 0.04105517, J: 0.017821377, K: -0.21622302, W: -0.97531766",
        "DefaultScale": 1.0,
        "InverseForward": "I: 0.58970606, J: -0.7372569, K: 0.3296953",
        "InverseLeft": "I: 0.3912098, J: 0.61790705, K: 0.682016",
        "InverseUp": "I: -0.7065421, J: -0.2732089, K: 0.65280575",
        "InversePosition": "X: 0.1764161, Y: 0.39513108, Z: -0.2134049",
        "DistanceFromParent": 0.07521292
      },
      {
        "Name": "r_thumb1",
        "ParentNode": 38,
        "FirstChildNode": 54,
        "NextSiblingNode": -1,
        "Flags": "None",
        "DefaultTranslation": "X: 0.033864144, Y: 0.0019107163, Z: 0.021173209",
        "DefaultRotation": "I: -0.713563, J: 0.033072922, K: -0.4373268, W: -0.5463326",
        "DefaultScale": 1.0,
        "InverseForward": "I: 0.6058893, J: 0.025855303, K: 0.79512864",
        "InverseLeft": "I: 0.7861782, J: 0.13349405, K: -0.6034099",
        "InverseUp": "I: -0.12174621, J: 0.99071246, K: 0.06055568",
        "InversePosition": "X: 0.022686884, Y: -0.39205542, Z: -0.29645684",
        "DistanceFromParent": 0.039984196
      },
      {
        "Name": "l_index2",
        "ParentNode": 39,
        "FirstChildNode": -1,
        "NextSiblingNode": -1,
        "Flags": "None",
        "DefaultTranslation": "X: 0.04069175, Y: 0, Z: -2.9802322E-08",
        "DefaultRotation": "I: -1.0044491E-08, J: -3.3546494E-09, K: -0.32142594, W: -0.9469347",
        "DefaultScale": 1.0,
        "InverseForward": "I: -0.013757358, J: -0.96082497, K: -0.27681467",
        "InverseLeft": "I: -0.73768497, J: -0.17713386, K: 0.6514943",
        "InverseUp": "I: -0.6750051, J: 0.21316484, K: -0.7063492",
        "InversePosition": "X: 0.34689987, Y: 0.22763754, Z: 0.24891637",
        "DistanceFromParent": 0.04069175
      },
      {
        "Name": "l_pinky2",
        "ParentNode": 40,
        "FirstChildNode": -1,
        "NextSiblingNode": -1,
        "Flags": "None",
        "DefaultTranslation": "X: 0.036145598, Y: -1.1175871E-08, Z: -2.9802322E-08",
        "DefaultRotation": "I: -5.0370215E-08, J: -4.693912E-09, K: 0.3442103, W: -0.93889266",
        "DefaultScale": 1.0,
