{
  "TagName": "objects\\equipment\\bubbleshield_equipment\\bubbleshield_equipment",
  "TagType": "model",
  "TagVersion": "HaloOnlineED",
  "Bitmaps": null,
  "Animations": null,
  "RenderGeometry": null,
  "BlamScriptResource": null,
  "StructureBsp": null,
  "Sounds": null,
  "UnicodeStrings": null,
  "TagData": {
    "RenderModel": {
      "Type": "render_model",
      "Name": "objects\\equipment\\bubbleshield_equipment\\bubbleshield_equipment"
    },
    "CollisionModel": {
      "Type": "collision_model",
      "Name": "objects\\equipment\\bubbleshield_equipment\\bubbleshield_equipment"
    },
    "Animation": null,
    "PhysicsModel": {
      "Type": "physics_model",
      "Name": "objects\\equipment\\bubbleshield_equipment\\bubbleshield_equipment"
    },
    "DisappearDistance": 23.0,
    "BeginFadeDistance": 20.0,
    "AnimationDistance": 0.0,
    "ShadowFadeDistance": 0.0,
    "InstanceDisappearDistance": 0.0,
    "LodModel": null,
    "Variants": [],
    "RegionSort": [],
    "InstanceGroups": [],
    "Materials": [
      {
        "MaterialName": "hard_metal_thin",
        "MaterialType": "Dirt",
        "DamageSectionIndex": -1,
        "RuntimeCollisionMaterialIndex": 0,
        "RuntimeDamagerMaterialIndex": -1,
        "GlobalMaterialName": "invalid",
        "GlobalMaterialIndex": 54
      }
    ],
    "NewDamageInfo": [],
    "Targets": [],
    "CollisionRegions": [
      {
        "Name": "default",
        "CollisionRegionIndex": 0,
        "PhysicsRegionIndex": 0,
        "Permutations": [
          {
            "Name": "default",
            "Flags": "None",
            "CollisionPermutationIndex": 0,
            "PhysicsPermutationIndex": 0
          }
        ]
      }
    ],
    "Nodes": [
      {
        "Name": "node",
        "ParentNode": -1,
        "FirstChildNode": 1,
        "NextSiblingNode": -1,
        "ImportNodeIndex": 0,
        "DefaultTranslation": "X: 0, Y: 0, Z: 0",
        "DefaultRotation": "I: -0, J: -5.96E-08, K: -0, W: -1",
        "DefaultScale": 1.0,
        "Inverse": "M11: 1, M12: 0, M13: 1.192E-07, M21: 0, M22: 1, M23: 0, M31: -1.192E-07, M32: 0, M33: 1, M41: 0, M42: -0, M43: -0"
      },
      {
        "Name": "bubble_shield_arm_e",
        "ParentNode": 0,
        "FirstChildNode": -1,
        "NextSiblingNode": 2,
        "ImportNodeIndex": 0,
        "DefaultTranslation": "X: 0.014940796, Y: -4.882813E-06, Z: -0.0085533755",
        "DefaultRotation": "I: 0, J: -0.13052616, K: 0, W: -0.9914449",
        "DefaultScale": 1.0,
        "Inverse": "M11: 0.9659258, M12: 0, M13: 0.2588191, M21: 0, M22: 1, M23: 0, M31: -0.2588191, M32: 0, M33: 0.9659258, M41: -0.016645478, M42: 4.882813E-06, M43: 0.004394965"
      },
      {
        "Name": "bubble_shield_arm_n",
        "ParentNode": 0,
        "FirstChildNode": -1,
        "NextSiblingNode": 3,
        "ImportNodeIndex": 0,
        "DefaultTranslation": "X: 1.0195625E-09, Y: 0.01493576, Z: -0.008553376",
        "DefaultRotation": "I: 0.13052614, J: -9.883004E-12, K: -2.0641613E-11, W: -0.9914449",
        "DefaultScale": 1.0,
        "Inverse": "M11: 1, M12: -3.089473E-08, M13: 1.15152574E-07, M21: 3.8350063E-11, M22: 0.9659259, M23: 0.25881895, M31: -1.1922499E-07, M32: -0.25881895, M33: 0.9659259, M41: -1.020349E-09, M42: -0.016640613, M43: 0.00439627"
      },
      {
        "Name": "bubble_shield_arm_s",
        "ParentNode": 0,
        "FirstChildNode": -1,
        "NextSiblingNode": 4,
        "ImportNodeIndex": 0,
        "DefaultTranslation": "X: 1.0195625E-09, Y: -0.014945678, Z: -0.008553376",
        "DefaultRotation": "I: -0.13052616, J: -9.883004E-12, K: 2.0640725E-11, W: -0.9914449",
        "DefaultScale": 1.0,
        "Inverse": "M11: 1, M12: 3.0894732E-08, M13: 1.15152574E-07, M21: -3.83483E-11, M22: 0.9659259, M23: -0.25881898, M31: -1.1922499E-07, M32: 0.25881898, M33: 0.9659259, M41: -1.0203495E-09, M42: 0.016650194, M43: 0.0043937024"
      },
      {
        "Name": "bubble_shield_arm_w",
        "ParentNode": 0,
        "FirstChildNode": -1,
        "NextSiblingNode": 5,
        "ImportNodeIndex": 0,
        "DefaultTranslation": "X: -0.014940795, Y: -4.882813E-06, Z: -0.008553376",
        "DefaultRotation": "I: 0, J: 0.13052616, K: 0, W: -0.9914449",
        "DefaultScale": 1.0,
        "Inverse": "M11: 0.96592593, M12: 0, M13: -0.25881886, M21: 0, M22: 1, M23: 0, M31: 0.25881886, M32: 0, M33: 0.96592593, M41: 0.016645476, M42: 4.882813E-06, M43: 0.0043949666"
      },
      {
        "Name": "bubble_shield_shaft",
        "ParentNode": 0,
        "FirstChildNode": 7,
        "NextSiblingNode": 6,
        "ImportNodeIndex": 0,
        "DefaultTranslation": "X: 1.788E-09, Y: -4.882813E-06, Z: -0.015",
        "DefaultRotation": "I: 0, J: 0, K: 0, W: -1",
        "DefaultScale": 1.0,
        "Inverse": "M11: 1, M12: 0, M13: 1.192E-07, M21: 0, M22: 1, M23: 0, M31: -1.192E-07, M32: 0, M33: 1, M41: -1.788E-09, M42: 4.882813E-06, M43: 0.015"
      },
      {
        "Name": "bubble_shield_top",
        "ParentNode": 0,
        "FirstChildNode": -1,
        "NextSiblingNode": -1,
        "ImportNodeIndex": 0,
        "DefaultTranslation": "X: -2.8094376E-09, Y: -4.882813E-06, Z: 0.023569107",
        "DefaultRotation": "I: 0, J: 0, K: 0, W: -1",
        "DefaultScale": 1.0,
        "Inverse": "M11: 1, M12: 0, M13: 1.192E-07, M21: 0, M22: 1, M23: 0, M31: -1.192E-07, M32: 0, M33: 1, M41: 2.8094376E-09, M42: 4.882813E-06, M43: -0.023569107"
      },
      {
        "Name": "bubble_shield_leg_e",
        "ParentNode": 5,
        "FirstChildNode": -1,
        "NextSiblingNode": 8,
        "ImportNodeIndex": 0,
        "DefaultTranslation": "X: 0.023905037, Y: -0.00016662598, Z: -0.06723316",
        "DefaultRotation": "I: 0, J: -0.1305261, K: 0, W: -0.9914449",
        "DefaultScale": 1.0,
        "Inverse": "M11: 0.9659258, M12: 0, M13: 0.25881898, M21: 0, M22: 1, M23: 0, M31: -0.25881898, M32: 0, M33: 0.9659258, M41: -0.04437399, M42: 0.00017150879, M43: 0.07324406"
      },
      {
        "Name": "bubble_shield_leg_n",
        "ParentNode": 5,
        "FirstChildNode": -1,
        "NextSiblingNode": 9,
        "ImportNodeIndex": 0,
        "DefaultTranslation": "X: 8.014193E-09, Y: 0.023905333, Z: -0.06723316",
        "DefaultRotation": "I: 0.13052614, J: -9.883004E-12, K: -2.0641613E-11, W: -0.9914449",
        "DefaultScale": 1.0,
        "Inverse": "M11: 1, M12: -3.089473E-08, M13: 1.15152574E-07, M21: 3.8350063E-11, M22: 0.9659259, M23: 0.25881895, M31: -1.1922499E-07, M32: -0.25881895, M33: 0.9659259, M41: -9.805165E-09, M42: -0.044369563, M43: 0.07324525"
      },
      {
        "Name": "bubble_shield_leg_s",
        "ParentNode": 5,
        "FirstChildNode": -1,
        "NextSiblingNode": 10,
        "ImportNodeIndex": 0,
        "DefaultTranslation": "X: 8.014193E-09, Y: -0.023905335, Z: -0.06723316",
        "DefaultRotation": "I: -0.13052616, J: -9.883004E-12, K: 2.0640725E-11, W: -0.9914449",
        "DefaultScale": 1.0,
        "Inverse": "M11: 1, M12: 3.0894732E-08, M13: 1.15152574E-07, M21: -3.83483E-11, M22: 0.9659259, M23: -0.25881898, M31: -1.1922499E-07, M32: 0.25881898, M33: 0.9659259, M41: -9.805165E-09, M42: 0.044379, M43: 0.07324272"
      },
      {
        "Name": "bubble_shield_leg_w",
        "ParentNode": 5,
        "FirstChildNode": -1,
        "NextSiblingNode": -1,
        "ImportNodeIndex": 0,
        "DefaultTranslation": "X: -0.023905022, Y: -0.00016662598, Z: -0.06723317",
        "DefaultRotation": "I: 0, J: 0.13052616, K: 0, W: -0.9914449",
        "DefaultScale": 1.0,
        "Inverse": "M11: 0.96592593, M12: 0, M13: -0.25881886, M21: 0, M22: 1, M23: 0, M31: 0.25881886, M32: 0, M33: 0.96592593, M41: 0.04437398, M42: 0.00017150879, M43: 0.07324407"
      }
    ],
    "RuntimeNodeListChecksum": 0,
    "ModelObjectData": [
      {
        "Type": "AutoGenerated",
        "Offset": "X: 6.016344E-07, Y: -5.0254166E-06, Z: -0.06937057",
        "Radius": 0.18702011
      }
    ],
    "PrimaryDialogue": null,
    "SecondaryDialogue": null,
    "Flags": "InconsequentialTarget",
    "DefaultDialogueEffect": "invalid",
    "RenderOnlyNodeFlags": [
      2014,
      0,
      0,
      0,
      0,
      0,
      0,
      0
    ],
    "RenderOnlySectionFlags": [
      0,
      0,
      0,
      0,
      0,
      0,
      0,
      0
    ],
    "RuntimeFlags": "ContainsRuntimeNodes",
    "ScenarioLoadParameters": [],
    "ShadowDetail": "AmbientOcclusion",
    "ShadowBounces": "ZeroBounces",
    "ShadowCastOverrides": [],
    "ShadowReceiveOverrides": [],
    "OcclusionSpheres": [],
    "ShieldImpactThirdPerson": null,
    "ShieldImpactFirstPerson": null,
    "OvershieldThirdPerson": null,
    "OvershieldFirstPerson": null
  }
}