{
  "TagName": "levels\\ui\\mainmenu\\objects\\odst_recon_cheap\\odst_recon_cheap",
  "TagType": "render_model",
  "Generate": false,
  "TagVersion": "HaloOnlineED",
  "UnicodeStrings": null,
  "BitmapResources": null,
  "AnimationData": null,
  "BlamScriptResource": null,
  "TagData": {
    "Name": "odst",
    "Flags": "None",
    "Version": 0,
    "Checksum": 419437082,
    "Regions": [
      {
        "Name": "badge",
        "Permutations": [
          {
            "Name": "standard",
            "MeshIndex": 0,
            "MeshCount": 1,
            "Unknown8": 0,
            "UnknownC": 0,
            "Unknown10": 0,
            "Unknown14": 0
          }
        ]
      },
      {
        "Name": "body",
        "Permutations": [
          {
            "Name": "standard",
            "MeshIndex": 1,
            "MeshCount": 1,
            "Unknown8": 0,
            "UnknownC": 0,
            "Unknown10": 0,
            "Unknown14": 0
          }
        ]
      },
      {
        "Name": "chest",
        "Permutations": [
          {
            "Name": "broken",
            "MeshIndex": 16,
            "MeshCount": 1,
            "Unknown8": 0,
            "UnknownC": 0,
            "Unknown10": 0,
            "Unknown14": 0
          },
          {
            "Name": "standard",
            "MeshIndex": 16,
            "MeshCount": 1,
            "Unknown8": 0,
            "UnknownC": 0,
            "Unknown10": 0,
            "Unknown14": 0
          }
        ]
      },
      {
        "Name": "invalid",
        "Permutations": []
      },
      {
        "Name": "invalid",
        "Permutations": []
      },
      {
        "Name": "emblem",
        "Permutations": [
          {
            "Name": "dutch",
            "MeshIndex": 5,
            "MeshCount": 1,
            "Unknown8": 0,
            "UnknownC": 0,
            "Unknown10": 0,
            "Unknown14": 0
          },
          {
            "Name": "on",
            "MeshIndex": 25,
            "MeshCount": 1,
            "Unknown8": 0,
            "UnknownC": 0,
            "Unknown10": 0,
            "Unknown14": 0
          },
          {
            "Name": "off",
            "MeshIndex": 25,
            "MeshCount": 1,
            "Unknown8": 0,
            "UnknownC": 0,
            "Unknown10": 0,
            "Unknown14": 0
          }
        ]
      },
      {
        "Name": "gear",
        "Permutations": [
          {
            "Name": "mickey",
            "MeshIndex": 6,
            "MeshCount": 1,
            "Unknown8": 0,
            "UnknownC": 0,
            "Unknown10": 0,
            "Unknown14": 0
          },
          {
            "Name": "romeo",
            "MeshIndex": 18,
            "MeshCount": 1,
            "Unknown8": 0,
            "UnknownC": 0,
            "Unknown10": 0,
            "Unknown14": 0
          },
          {
            "Name": "dutch",
            "MeshIndex": 26,
            "MeshCount": 1,
            "Unknown8": 0,
            "UnknownC": 0,
            "Unknown10": 0,
            "Unknown14": 0
          },
          {
            "Name": "sergeant",
            "MeshIndex": 29,
            "MeshCount": 1,
            "Unknown8": 0,
            "UnknownC": 0,
            "Unknown10": 0,
            "Unknown14": 0
          },
          {
            "Name": "standard",
            "MeshIndex": 32,
            "MeshCount": 1,
            "Unknown8": 0,
            "UnknownC": 0,
            "Unknown10": 0,
            "Unknown14": 0
          },
          {
            "Name": "johnson",
            "MeshIndex": 35,
            "MeshCount": 1,
            "Unknown8": 0,
            "UnknownC": 0,
            "Unknown10": 0,
            "Unknown14": 0
          }
        ]
      },
      {
        "Name": "hands",
        "Permutations": [
          {
            "Name": "standard",
            "MeshIndex": 7,
            "MeshCount": 1,
            "Unknown8": 0,
            "UnknownC": 0,
            "Unknown10": 0,
            "Unknown14": 0
          }
        ]
      },
      {
        "Name": "head",
        "Permutations": [
          {
            "Name": "johnson",
            "MeshIndex": 36,
            "MeshCount": 1,
            "Unknown8": 0,
            "UnknownC": 0,
            "Unknown10": 0,
            "Unknown14": 0
          },
          {
            "Name": "sergeant",
            "MeshIndex": 36,
            "MeshCount": 1,
            "Unknown8": 0,
            "UnknownC": 0,
            "Unknown10": 0,
            "Unknown14": 0
          },
          {
            "Name": "romeo",
            "MeshIndex": 36,
            "MeshCount": 1,
            "Unknown8": 0,
            "UnknownC": 0,
            "Unknown10": 0,
            "Unknown14": 0
          },
          {
            "Name": "mickey",
            "MeshIndex": 36,
            "MeshCount": 1,
            "Unknown8": 0,
            "UnknownC": 0,
            "Unknown10": 0,
            "Unknown14": 0
          },
          {
            "Name": "dutch",
            "MeshIndex": 36,
            "MeshCount": 1,
            "Unknown8": 0,
            "UnknownC": 0,
            "Unknown10": 0,
            "Unknown14": 0
          },
          {
            "Name": "off",
            "MeshIndex": 36,
            "MeshCount": 1,
            "Unknown8": 0,
            "UnknownC": 0,
            "Unknown10": 0,
            "Unknown14": 0
          }
        ]
      },
      {
        "Name": "headgear",
        "Permutations": [
          {
            "Name": "mickey",
            "MeshIndex": 9,
            "MeshCount": 1,
            "Unknown8": 0,
            "UnknownC": 0,
            "Unknown10": 0,
            "Unknown14": 0
          },
          {
            "Name": "romeo",
            "MeshIndex": 20,
            "MeshCount": 1,
            "Unknown8": 0,
            "UnknownC": 0,
            "Unknown10": 0,
            "Unknown14": 0
          },
          {
            "Name": "dutch",
            "MeshIndex": 28,
            "MeshCount": 1,
            "Unknown8": 0,
            "UnknownC": 0,
            "Unknown10": 0,
            "Unknown14": 0
          },
          {
            "Name": "sergeant",
            "MeshIndex": 31,
            "MeshCount": 1,
            "Unknown8": 0,
            "UnknownC": 0,
            "Unknown10": 0,
            "Unknown14": 0
          },
          {
            "Name": "off",
            "MeshIndex": 34,
            "MeshCount": 1,
            "Unknown8": 0,
            "UnknownC": 0,
            "Unknown10": 0,
            "Unknown14": 0
          }
        ]
      },
      {
        "Name": "helmet",
        "Permutations": [
          {
            "Name": "standard",
            "MeshIndex": 10,
            "MeshCount": 1,
            "Unknown8": 0,
            "UnknownC": 0,
            "Unknown10": 0,
            "Unknown14": 0
          },
          {
            "Name": "off",
            "MeshIndex": 10,
            "MeshCount": 1,
            "Unknown8": 0,
            "UnknownC": 0,
            "Unknown10": 0,
            "Unknown14": 0
          }
        ]
      },
      {
        "Name": "knife",
        "Permutations": [
          {
            "Name": "on",
            "MeshIndex": 22,
            "MeshCount": 1,
            "Unknown8": 0,
            "UnknownC": 0,
            "Unknown10": 0,
            "Unknown14": 0
          },
          {
            "Name": "off",
            "MeshIndex": 22,
            "MeshCount": 1,
            "Unknown8": 0,
            "UnknownC": 0,
            "Unknown10": 0,
            "Unknown14": 0
          }
        ]
      },
      {
        "Name": "l_shoulder",
        "Permutations": [
          {
            "Name": "standard",
            "MeshIndex": 12,
            "MeshCount": 1,
            "Unknown8": 0,
            "UnknownC": 0,
            "Unknown10": 0,
            "Unknown14": 0
          }
        ]
      },
      {
        "Name": "r_shoulder",
        "Permutations": [
          {
            "Name": "standard",
            "MeshIndex": 13,
            "MeshCount": 1,
            "Unknown8": 0,
            "UnknownC": 0,
            "Unknown10": 0,
            "Unknown14": 0
          },
          {
            "Name": "off",
            "MeshIndex": 23,
            "MeshCount": 1,
            "Unknown8": 0,
            "UnknownC": 0,
            "Unknown10": 0,
            "Unknown14": 0
          }
        ]
      },
      {
        "Name": "invalid",
        "Permutations": []
      },
      {
        "Name": "invalid",
        "Permutations": []
      }
    ],
    "Unknown18": 0,
    "InstanceStartingMeshIndex": -1,
    "InstancePlacements": [],
    "NodeListChecksum": 0,
    "Nodes": [
      {
        "Name": "pelvis",
        "ParentNode": -1,
        "FirstChildNode": 1,
        "NextSiblingNode": -1,
        "Flags": "None",
        "DefaultTranslation": "X: -0.00820539, Y: 0, Z: 0.3643495",
        "DefaultRotation": "I: 0.49999917, J: 0.50000036, K: 0.4999992, W: -0.50000125",
        "DefaultScale": 1.0,
        "InverseForward": "I: 8.940697E-07, J: 0.99999994, K: -3.2484531E-06",
        "InverseLeft": "I: -8.940697E-07, J: 3.2782555E-06, K: 1",
        "InverseUp": "I: 1, J: -8.6426735E-07, K: 9.536743E-07",
        "InversePosition": "X: -0.3643495, Y: 0.008205704, Z: -3.741256E-07",
        "DistanceFromParent": 0.0
      },
      {
        "Name": "l_thigh",
        "ParentNode": 0,
        "FirstChildNode": 5,
        "NextSiblingNode": 2,
        "Flags": "None",
        "DefaultTranslation": "X: -5.9604645E-08, Y: 5.8673322E-08, Z: 0.036049243",
        "DefaultRotation": "I: -0.03780228, J: -0.995527, K: -0.07983997, W: 0.03350396",
        "DefaultScale": 1.0,
        "InverseForward": "I: 0.06991534, J: 0.98439264, K: 0.16150187",
        "InverseLeft": "I: 0.072745584, J: 0.1564358, K: -0.9850056",
        "InverseUp": "I: -0.994897, J: 0.080615595, K: -0.060673013",
        "InversePosition": "X: 0.36044148, Y: -0.02693426, Z: 0.058940083",
        "DistanceFromParent": 0.036049243
      },
      {
        "Name": "physics_control",
        "ParentNode": 0,
        "FirstChildNode": -1,
        "NextSiblingNode": 3,
        "Flags": "None",
        "DefaultTranslation": "X: -0.3643495, Y: 0.008205693, Z: -3.584869E-07",
        "DefaultRotation": "I: -0.4999992, J: -0.50000036, K: -0.49999923, W: -0.50000125",
        "DefaultScale": 1.0,
        "InverseForward": "I: 0.99999994, J: -8.940798E-08, K: 5.960179E-08",
        "InverseLeft": "I: 8.940622E-08, J: 1, K: -2.7355895E-12",
        "InverseUp": "I: -2.9805364E-08, J: 2.9799592E-08, K: 1",
        "InversePosition": "X: 2.2630623E-08, Y: 5.8326757E-09, Z: 7.092256E-09",
        "DistanceFromParent": 0.3644419
      },
      {
        "Name": "r_thigh",
        "ParentNode": 0,
        "FirstChildNode": 6,
        "NextSiblingNode": 4,
        "Flags": "None",
        "DefaultTranslation": "X: -2.9802322E-08, Y: -4.004687E-08, Z: -0.036049265",
        "DefaultRotation": "I: -0.037802543, J: -0.99552697, K: 0.07984033, W: -0.033505183",
        "DefaultScale": 1.0,
        "InverseForward": "I: 0.06991612, J: 0.98439354, K: -0.16149631",
        "InverseLeft": "I: -0.072745845, J: -0.15643008, K: -0.9850066",
        "InverseUp": "I: -0.994897, J: 0.080616035, K: 0.060673494",
        "InversePosition": "X: 0.36044145, Y: -0.02693434, Z: -0.058940247",
        "DistanceFromParent": 0.036049265
      },
      {
        "Name": "spine",
        "ParentNode": 0,
        "FirstChildNode": 7,
        "NextSiblingNode": -1,
        "Flags": "None",
        "DefaultTranslation": "X: 0.03449276, Y: -3.801752E-05, Z: 3.492343E-08",
        "DefaultRotation": "I: -1.8734953E-06, J: -4.346072E-07, K: -0.038430735, W: 0.99926126",
        "DefaultScale": 1.0,
        "InverseForward": "I: -0.076803796, J: 0.9970462, K: 5.291732E-07",
        "InverseLeft": "I: -1.306423E-07, J: -5.109147E-07, K: 1",
        "InverseUp": "I: 0.99704623, J: 0.076803826, K: 2.2909839E-07",
        "InversePosition": "X: -0.3982973, Y: -0.022413585, Z: -9.097182E-08",
        "DistanceFromParent": 0.034492783
      },
      {
        "Name": "l_calf",
        "ParentNode": 1,
        "FirstChildNode": 8,
        "NextSiblingNode": -1,
        "Flags": "None",
        "DefaultTranslation": "X: 0.16032737, Y: 9.313226E-09, Z: 2.9802322E-08",
        "DefaultRotation": "I: -6.127593E-08, J: 1.5846272E-08, K: 0.12785056, W: -0.99179345",
        "DefaultScale": 1.0,
        "InverseForward": "I: -0.18201494, J: 0.9699421, K: 0.16150175",
        "InverseLeft": "I: 0.03069486, J: 0.16977003, K: -0.9850056",
        "InverseUp": "I: -0.98281664, J: -0.17432845, K: -0.060672976",
        "InversePosition": "X: 0.20040265, Y: 0.024695745, Z: 0.058940038",
        "DistanceFromParent": 0.16032737
      },
      {
        "Name": "r_calf",
        "ParentNode": 3,
        "FirstChildNode": 9,
        "NextSiblingNode": -1,
        "Flags": "None",
        "DefaultTranslation": "X: 0.1603273, Y: 2.0489097E-08, Z: 1.4901161E-08",
        "DefaultRotation": "I: 7.3817176E-08, J: -2.8265045E-08, K: -0.12785035, W: 0.9917935",
        "DefaultScale": 1.0,
        "InverseForward": "I: -0.18201397, J: 0.96994317, K: -0.16149646",
        "InverseLeft": "I: -0.030696694, J: -0.16976482, K: -0.9850066",
        "InverseUp": "I: -0.9828168, J: -0.17432754, K: 0.060673557",
        "InversePosition": "X: 0.20040268, Y: 0.024695542, Z: -0.05894028",
        "DistanceFromParent": 0.1603273
      },
      {
        "Name": "spine1",
        "ParentNode": 4,
        "FirstChildNode": 10,
        "NextSiblingNode": -1,
        "Flags": "None",
        "DefaultTranslation": "X: 0.04784134, Y: -7.389672E-05, Z: -2.3416504E-09",
        "DefaultRotation": "I: 9.292722E-08, J: -2.1890278E-07, K: 0.051504944, W: 0.9986728",
        "DefaultScale": 1.0,
        "InverseForward": "I: 0.026172973, J: 0.9996574, K: 3.5447644E-07",
        "InverseLeft": "I: 2.642883E-07, J: -3.3170582E-07, K: 1",
        "InverseUp": "I: 0.99965745, J: -0.026172949, K: -2.132777E-07",
        "InversePosition": "X: -0.4460698, Y: 0.023674523, Z: 1.04081124E-07",
        "DistanceFromParent": 0.047841396
      },
      {
        "Name": "l_foot",
        "ParentNode": 5,
        "FirstChildNode": 13,
        "NextSiblingNode": -1,
        "Flags": "None",
        "DefaultTranslation": "X: 0.1560148, Y: 7.450581E-09, Z: 2.9802322E-08",
        "DefaultRotation": "I: 0.055430394, J: 0.035295073, K: -0.085709065, W: -0.9941507",
        "DefaultScale": 1.0,
        "InverseForward": "I: 2.931253E-07, J: 0.9612607, K: 0.27564093",
        "InverseLeft": "I: -2.546716E-06, J: 0.275641, K: -0.96126074",
        "InverseUp": "I: -1, J: -3.8270213E-07, K: 2.4799401E-06",
        "InversePosition": "X: 0.051506456, Y: 0.009937944, Z: 0.05746654",
        "DistanceFromParent": 0.1560148
      },
      {
        "Name": "r_foot",
        "ParentNode": 6,
        "FirstChildNode": 14,
        "NextSiblingNode": -1,
        "Flags": "None",
        "DefaultTranslation": "X: 0.15601481, Y: -4.8428774E-08, Z: -7.450581E-09",
        "DefaultRotation": "I: 0.05543025, J: 0.035294876, K: 0.08570885, W: 0.99415076",
        "DefaultScale": 1.0,
        "InverseForward": "I: 5.715714E-07, J: 0.96126217, K: -0.27563542",
        "InverseLeft": "I: 1.4502976E-06, J: -0.2756354, K: -0.9612624",
        "InverseUp": "I: -1.0000001, J: 1.6387055E-07, K: -1.612634E-06",
        "InversePosition": "X: 0.051506422, Y: 0.0099378, Z: -0.057466827",
        "DistanceFromParent": 0.15601481
      },
      {
        "Name": "l_clavicle",
        "ParentNode": 7,
        "FirstChildNode": 15,
        "NextSiblingNode": 11,
        "Flags": "None",
        "DefaultTranslation": "X: 0.06616333, Y: 0.0017468948, Z: 0.013000081",
        "DefaultRotation": "I: -0.661668, J: 0.017078586, K: -0.74946135, W: 0.014548092",
        "DefaultScale": 1.0,
        "InverseForward": "I: -0.0476362, J: -0.99867177, K: 0.019625826",
        "InverseLeft": "I: 0.99129206, J: -0.04485115, K: 0.12380804",
        "InverseUp": "I: -0.122763194, J: 0.025352636, K: 0.9921121",
        "InversePosition": "X: 0.049639855, Y: -0.020915646, Z: -0.51003045",
        "DistanceFromParent": 0.06745102
      },
      {
        "Name": "neck",
        "ParentNode": 7,
        "FirstChildNode": 16,
        "NextSiblingNode": 12,
        "Flags": "None",
        "DefaultTranslation": "X: 0.093280524, Y: -1.18445605E-05, Z: 1.4878097E-08",
        "DefaultRotation": "I: -1.44037E-07, J: -2.7054561E-08, K: -0.085717, W: -0.99631953",
        "DefaultScale": 1.0,
        "InverseForward": "I: 0.19653289, J: 0.9804972, K: 7.425477E-08",
        "InverseLeft": "I: 1.7453114E-07, J: -8.0320866E-08, K: 1",
        "InverseUp": "I: 0.98049724, J: -0.19653288, K: -1.2731121E-07",
        "InversePosition": "X: -0.527379, Y: 0.11546098, Z: 3.4489915E-08",
        "DistanceFromParent": 0.093280524
      },
      {
        "Name": "r_clavicle",
        "ParentNode": 7,
        "FirstChildNode": 17,
        "NextSiblingNode": -1,
        "Flags": "None",
        "DefaultTranslation": "X: 0.06616333, Y: 0.0017469991, Z: -0.012999949",
        "DefaultRotation": "I: 0.66166824, J: -0.017076759, K: -0.7494611, W: 0.014546022",
        "DefaultScale": 1.0,
        "InverseForward": "I: -0.04763138, J: -0.9986721, K: -0.019625755",
        "InverseLeft": "I: -0.9912924, J: 0.044846345, K: 0.12380681",
        "InverseUp": "I: -0.122762315, J: 0.025351927, K: -0.9921123",
        "InversePosition": "X: 0.049639598, Y: -0.020915259, Z: 0.5100305",
        "DistanceFromParent": 0.067451
      },
      {
        "Name": "l_toe",
        "ParentNode": 8,
        "FirstChildNode": -1,
        "NextSiblingNode": -1,
        "Flags": "None",
        "DefaultTranslation": "X: 0.051554162, Y: 0.04989688, Z: 0",
        "DefaultRotation": "I: -1.995604E-08, J: -2.365317E-08, K: -0.7071068, W: -0.7071067",
        "DefaultScale": 1.0,
        "InverseForward": "I: 0.9612607, J: -5.053082E-07, K: 0.27564093",
        "InverseLeft": "I: 0.275641, J: 2.4217143E-06, K: -0.96126074",
        "InverseUp": "I: -1.4428356E-07, J: 1, K: 2.4182673E-06",
        "InversePosition": "X: -0.039958935, Y: 4.771768E-05, Z: 0.05746654",
        "DistanceFromParent": 0.07174629
      },
      {
        "Name": "r_toe",
        "ParentNode": 9,
        "FirstChildNode": -1,
        "NextSiblingNode": -1,
        "Flags": "None",
        "DefaultTranslation": "X: 0.05155414, Y: 0.049896896, Z: -1.4901161E-08",
        "DefaultRotation": "I: 7.980434E-09, J: -6.0683982E-09, K: -0.7071069, W: -0.70710677",
        "DefaultScale": 1.0,
        "InverseForward": "I: 0.96126217, J: -8.000088E-07, K: -0.2756354",
        "InverseLeft": "I: -0.27563536, J: -1.3819817E-06, K: -0.9612624",
        "InverseUp": "I: 4.022892E-07, J: 1.0000001, K: -1.60993E-06",
        "InversePosition": "X: -0.039959084, Y: 4.773857E-05, Z: -0.057466816",
        "DistanceFromParent": 0.07174629
      },
      {
        "Name": "l_upperarm",
        "ParentNode": 10,
        "FirstChildNode": 18,
        "NextSiblingNode": -1,
        "Flags": "None",
        "DefaultTranslation": "X: 0.049718603, Y: 7.450581E-09, Z: 0",
        "DefaultRotation": "I: -0.017980147, J: -0.37147588, K: 0.04541994, W: -0.9271567",
        "DefaultScale": 1.0,
        "InverseForward": "I: 0.022926716, J: -0.998562, K: 0.0484576",
        "InverseLeft": "I: 0.6313098, J: 0.05204433, K: 0.7737825",
        "InverseUp": "I: -0.7751916, J: 0.012851454, K: 0.6315954",
        "InversePosition": "X: 0.3535841, Y: -0.020617466, Z: -0.36758903",
        "DistanceFromParent": 0.049718603
      },
      {
        "Name": "head",
        "ParentNode": 11,
        "FirstChildNode": 19,
        "NextSiblingNode": -1,
        "Flags": "None",
        "DefaultTranslation": "X: 0.015095532, Y: -1.4901161E-08, Z: 7.42709E-09",
        "DefaultRotation": "I: 1.7403634E-09, J: -1.2608439E-09, K: 0.024732158, W: -0.9996941",
        "DefaultScale": 1.0,
        "InverseForward": "I: 0.14780767, J: 0.98901606, K: 7.811778E-08",
        "InverseLeft": "I: 1.758546E-07, J: -7.513421E-08, K: 1",
        "InverseUp": "I: 0.9890161, J: -0.14780766, K: -1.2542667E-07",
        "InversePosition": "X: -0.54752034, Y: 0.08849482, Z: 2.507257E-08",
        "DistanceFromParent": 0.015095532
      },
      {
        "Name": "r_upperarm",
        "ParentNode": 12,
        "FirstChildNode": 38,
        "NextSiblingNode": -1,
        "Flags": "None",
        "DefaultTranslation": "X: 0.0497186, Y: -7.450581E-09, Z: 5.9604645E-08",
        "DefaultRotation": "I: -0.018499192, J: -0.37144735, K: -0.04562777, W: 0.9271477",
        "DefaultScale": 1.0,
        "InverseForward": "I: 0.02293013, J: -0.9985069, K: -0.049578898",
        "InverseLeft": "I: -0.63131565, J: -0.052915305, K: 0.77371854",
        "InverseUp": "I: -0.77518696, J: 0.013558433, K: -0.63158643",
        "InversePosition": "X: 0.35358152, Y: -0.021028863, Z: 0.36756822",
        "DistanceFromParent": 0.0497186
      },
      {
        "Name": "l_forearm",
        "ParentNode": 15,
        "FirstChildNode": 39,
        "NextSiblingNode": -1,
        "Flags": "None",
        "DefaultTranslation": "X: 0.10706644, Y: -7.450581E-09, Z: 2.9802322E-08",
        "DefaultRotation": "I: -2.3505658E-08, J: -6.9828424E-08, K: 0.16787837, W: -0.9858077",
        "DefaultScale": 1.0,
        "InverseForward": "I: 0.35215002, J: -0.93468815, K: 0.048457675",
        "InverseLeft": "I: 0.57849884, J: 0.25806904, K: 0.77378255",
        "InverseUp": "I: -0.73575073, J: -0.24445483, K: 0.63159525",
        "InversePosition": "X: 0.23944665, Y: 0.062139947, Z: -0.36758903",
        "DistanceFromParent": 0.10706644
      },
      {
        "Name": "eye_left",
        "ParentNode": 16,
        "FirstChildNode": -1,
        "NextSiblingNode": 20,
        "Flags": "None",
        "DefaultTranslation": "X: 0.045066714, Y: 0.02618258, Z: 0.011000343",
        "DefaultRotation": "I: -0.53567934, J: -0.461571, K: -0.4615714, W: -0.53567874",
        "DefaultScale": 1.0,
        "InverseForward": "I: 0.99999994, J: -9.020063E-07, K: -4.5686215E-07",
        "InverseLeft": "I: 9.351604E-07, J: 1, K: -1.1299476E-07",
        "InverseUp": "I: 4.214596E-07, J: 1.7171861E-07, K: 1",
        "InversePosition": "X: -0.025961349, Y: -0.011000473, Z: -0.5952884",
        "DistanceFromParent": 0.0532686
      },
      {
        "Name": "eye_right",
        "ParentNode": 16,
        "FirstChildNode": -1,
        "NextSiblingNode": 21,
        "Flags": "None",
        "DefaultTranslation": "X: 0.045066774, Y: 0.026182551, Z: -0.010999688",
        "DefaultRotation": "I: -0.53567934, J: -0.461571, K: -0.4615714, W: -0.53567874",
        "DefaultScale": 1.0,
        "InverseForward": "I: 0.99999994, J: -9.020063E-07, K: -4.5686215E-07",
        "InverseLeft": "I: 9.351604E-07, J: 1, K: -1.1299476E-07",
        "InverseUp": "I: 4.214596E-07, J: 1.7171861E-07, K: 1",
        "InversePosition": "X: -0.025961306, Y: 0.010999558, Z: -0.59528846",
        "DistanceFromParent": 0.0532685
      },
      {
        "Name": "f_l_brow_inner",
        "ParentNode": 16,
        "FirstChildNode": -1,
        "NextSiblingNode": 22,
        "Flags": "None",
        "DefaultTranslation": "X: 0.053040564, Y: 0.034130078, Z: 0.005000079",
        "DefaultRotation": "I: -0.53567934, J: -0.461571, K: -0.4615714, W: -0.53567874",
        "DefaultScale": 1.0,
        "InverseForward": "I: 0.99999994, J: -9.020063E-07, K: -4.5686215E-07",
        "InverseLeft": "I: 9.351604E-07, J: 1, K: -1.1299476E-07",
        "InverseUp": "I: 4.214596E-07, J: 1.7171861E-07, K: 1",
        "InversePosition": "X: -0.035000145, Y: -0.0050002025, Z: -0.60199994",
        "DistanceFromParent": 0.06327056
      },
      {
        "Name": "f_l_brow_outer",
        "ParentNode": 16,
        "FirstChildNode": -1,
        "NextSiblingNode": 23,
        "Flags": "None",
        "DefaultTranslation": "X: 0.052449346, Y: 0.030173995, Z: 0.018000025",
        "DefaultRotation": "I: -0.60769206, J: -0.3615389, K: -0.5475788, W: -0.44738978",
        "DefaultScale": 1.0,
        "InverseForward": "I: 0.93969226, J: -0.34202078, K: -7.0147195E-07",
        "InverseLeft": "I: 0.34202087, J: 0.9396923, K: 3.6384242E-07",
        "InverseUp": "I: 6.211218E-07, J: -5.2558573E-07, K: 0.99999994",
        "InversePosition": "X: -0.035287116, Y: -0.0063116173, Z: -0.6019999",
        "DistanceFromParent": 0.06313006
      },
      {
        "Name": "f_l_cheek",
        "ParentNode": 16,
        "FirstChildNode": -1,
        "NextSiblingNode": 24,
        "Flags": "None",
        "DefaultTranslation": "X: 0.035931647, Y: 0.034664776, Z: 0.016000018",
        "DefaultRotation": "I: -0.57386947, J: -0.4131271, K: -0.5065024, W: -0.4934117",
        "DefaultScale": 1.0,
        "InverseForward": "I: 0.98480755, J: -0.17364904, K: -3.979122E-07",
        "InverseLeft": "I: 0.173649, J: 0.9848076, K: -2.918087E-07",
        "InverseUp": "I: 4.025442E-07, J: 2.2573282E-07, K: 1",
        "InversePosition": "X: -0.035277165, Y: -0.01002672, Z: -0.5849999",
        "DistanceFromParent": 0.05242834
      },
      {
        "Name": "f_l_eyelid_lower",
        "ParentNode": 16,
        "FirstChildNode": -1,
        "NextSiblingNode": 25,
        "Flags": "None",
        "DefaultTranslation": "X: 0.042905867, Y: 0.030589145, Z: 0.011000326",
        "DefaultRotation": "I: -0.53567934, J: -0.461571, K: -0.4615714, W: -0.53567874",
        "DefaultScale": 1.0,
        "InverseForward": "I: 0.99999994, J: -9.020063E-07, K: -4.5686215E-07",
        "InverseLeft": "I: 9.351604E-07, J: 1, K: -1.1299476E-07",
        "InverseUp": "I: 4.214596E-07, J: 1.7171861E-07, K: 1",
        "InversePosition": "X: -0.030000122, Y: -0.011000451, Z: -0.5924999",
        "DistanceFromParent": 0.053829513
      },
      {
        "Name": "f_l_eyelid_upper",
        "ParentNode": 16,
        "FirstChildNode": -1,
        "NextSiblingNode": 26,
        "Flags": "None",
        "DefaultTranslation": "X: 0.047850847, Y: 0.029850155, Z: 0.011000331",
        "DefaultRotation": "I: -0.53567934, J: -0.461571, K: -0.4615714, W: -0.53567874",
        "DefaultScale": 1.0,
        "InverseForward": "I: 0.99999994, J: -9.020063E-07, K: -4.5686215E-07",
        "InverseLeft": "I: 9.351604E-07, J: 1, K: -1.1299476E-07",
        "InverseUp": "I: 4.214596E-07, J: 1.7171861E-07, K: 1",
        "InversePosition": "X: -0.030000158, Y: -0.011000457, Z: -0.59749985",
        "DistanceFromParent": 0.057460792
      },
      {
        "Name": "f_l_lip_upper",
        "ParentNode": 16,
        "FirstChildNode": -1,
        "NextSiblingNode": 27,
        "Flags": "None",
        "DefaultTranslation": "X: 0.026005507, Y: 0.04069748, Z: 0.0055001387",
        "DefaultRotation": "I: -0.55530256, J: -0.43776608, K: -0.48449796, W: -0.51503557",
        "DefaultScale": 1.0,
        "InverseForward": "I: 0.99619466, J: -0.08715562, K: 6.18325E-08",
        "InverseLeft": "I: 0.087155685, J: 0.9961947, K: 3.6016836E-08",
        "InverseUp": "I: -4.7991886E-08, J: 4.3698673E-08, K: 1",
        "InversePosition": "X: -0.037835814, Y: -0.0022110175, Z: -0.5742911",
        "DistanceFromParent": 0.048608877
      },
      {
        "Name": "f_l_mouth",
        "ParentNode": 16,
        "FirstChildNode": -1,
        "NextSiblingNode": 28,
        "Flags": "None",
        "DefaultTranslation": "X: 0.021532118, Y: 0.037827257, Z: 0.011500032",
        "DefaultRotation": "I: -0.6076919, J: -0.36153916, K: -0.5475786, W: -0.44738996",
        "DefaultScale": 1.0,
        "InverseForward": "I: 0.9396926, J: -0.3420201, K: -6.6318694E-07",
        "InverseLeft": "I: 0.34202006, J: 0.93969274, K: 2.148308E-07",
        "InverseUp": "I: 4.798368E-07, J: -4.161712E-07, K: 1",
        "InversePosition": "X: -0.03588239, Y: 0.00082213106, Z: -0.5702911",
        "DistanceFromParent": 0.04501982
      },
      {
        "Name": "f_l_nose_corner",
        "ParentNode": 16,
        "FirstChildNode": -1,
        "NextSiblingNode": 29,
        "Flags": "None",
        "DefaultTranslation": "X: 0.033807516, Y: 0.03498224, Z: 0.006146634",
        "DefaultRotation": "I: -0.57386947, J: -0.41312706, K: -0.50650245, W: -0.49341172",
        "DefaultScale": 1.0,
        "InverseForward": "I: 0.98480755, J: -0.17364901, K: -4.2738716E-07",
        "InverseLeft": "I: 0.17364906, J: 0.9848076, K: -5.3390117E-08",
        "InverseUp": "I: 4.7030417E-07, J: 6.954791E-08, K: 1",
        "InversePosition": "X: -0.033566188, Y: -0.00032294024, Z: -0.5828522",
        "DistanceFromParent": 0.049035564
      },
      {
        "Name": "f_r_brow_inner",
        "ParentNode": 16,
        "FirstChildNode": -1,
        "NextSiblingNode": 30,
        "Flags": "None",
        "DefaultTranslation": "X: 0.053040624, Y: 0.034130093, Z: -0.0049999068",
        "DefaultRotation": "I: -0.53567934, J: -0.461571, K: -0.4615714, W: -0.53567874",
        "DefaultScale": 1.0,
        "InverseForward": "I: 0.99999994, J: -9.020063E-07, K: -4.5686215E-07",
        "InverseLeft": "I: 9.351604E-07, J: 1, K: -1.1299476E-07",
        "InverseUp": "I: 4.214596E-07, J: 1.7171861E-07, K: 1",
        "InversePosition": "X: -0.035000157, Y: 0.0049997834, Z: -0.602",
        "DistanceFromParent": 0.063270606
      },
      {
        "Name": "f_r_brow_outer",
        "ParentNode": 16,
        "FirstChildNode": -1,
        "NextSiblingNode": 31,
        "Flags": "None",
        "DefaultTranslation": "X: 0.052449405, Y: 0.030174017, Z: -0.017999914",
        "DefaultRotation": "I: -0.44739005, J: -0.5475785, K: -0.3615393, W: -0.6076917",
        "DefaultScale": 1.0,
        "InverseForward": "I: 0.93969274, J: 0.3420197, K: -5.070021E-07",
        "InverseLeft": "I: -0.3420198, J: 0.93969285, K: -1.1299474E-07",
        "InverseUp": "I: 3.6235372E-07, J: 2.6414133E-07, K: 1.0000001",
        "InversePosition": "X: -0.035286907, Y: 0.006311605, Z: -0.60200006",
        "DistanceFromParent": 0.06313009
      },
      {
        "Name": "f_r_cheek",
        "ParentNode": 16,
        "FirstChildNode": -1,
        "NextSiblingNode": 32,
        "Flags": "None",
        "DefaultTranslation": "X: 0.035931706, Y: 0.034664787, Z: -0.015999915",
        "DefaultRotation": "I: -0.49341238, J: -0.50650215, K: -0.41312757, W: -0.573869",
        "DefaultScale": 1.0,
        "InverseForward": "I: 0.98480785, J: 0.1736473, K: -3.684372E-07",
        "InverseLeft": "I: -0.17364724, J: 0.98480785, K: 6.2145245E-09",
        "InverseUp": "I: 4.020543E-07, J: 1.4218038E-07, K: 1",
        "InversePosition": "X: -0.035277132, Y: 0.010026367, Z: -0.585",
        "DistanceFromParent": 0.052428354
      },
      {
        "Name": "f_r_eyelid_lower",
        "ParentNode": 16,
        "FirstChildNode": -1,
        "NextSiblingNode": 33,
        "Flags": "None",
        "DefaultTranslation": "X: 0.042905927, Y: 0.030589204, Z: -0.010999663",
        "DefaultRotation": "I: -0.53567934, J: -0.461571, K: -0.4615714, W: -0.53567874",
        "DefaultScale": 1.0,
        "InverseForward": "I: 0.99999994, J: -9.020063E-07, K: -4.5686215E-07",
        "InverseLeft": "I: 9.351604E-07, J: 1, K: -1.1299476E-07",
        "InverseUp": "I: 4.214596E-07, J: 1.7171861E-07, K: 1",
        "InversePosition": "X: -0.030000167, Y: 0.010999538, Z: -0.5925",
        "DistanceFromParent": 0.053829458
      },
      {
        "Name": "f_r_eyelid_upper",
        "ParentNode": 16,
        "FirstChildNode": -1,
        "NextSiblingNode": 34,
        "Flags": "None",
        "DefaultTranslation": "X: 0.047850966, Y: 0.029850148, Z: -0.010999681",
        "DefaultRotation": "I: -0.53567934, J: -0.461571, K: -0.4615714, W: -0.53567874",
        "DefaultScale": 1.0,
        "InverseForward": "I: 0.99999994, J: -9.020063E-07, K: -4.5686215E-07",
        "InverseLeft": "I: 9.351604E-07, J: 1, K: -1.1299476E-07",
        "InverseUp": "I: 4.214596E-07, J: 1.7171861E-07, K: 1",
        "InversePosition": "X: -0.030000145, Y: 0.010999555, Z: -0.59749997",
        "DistanceFromParent": 0.057460763
      },
      {
        "Name": "f_r_lip_upper",
        "ParentNode": 16,
        "FirstChildNode": -1,
        "NextSiblingNode": 35,
        "Flags": "None",
        "DefaultTranslation": "X: 0.026005447, Y: 0.040697504, Z: -0.005499603",
        "DefaultRotation": "I: -0.5150357, J: -0.48449808, K: -0.43776575, W: -0.5553027",
        "DefaultScale": 1.0,
        "InverseForward": "I: 0.99619454, J: 0.08715629, K: -3.9791217E-07",
        "InverseLeft": "I: -0.08715625, J: 0.9961946, K: -2.3587797E-08",
        "InverseUp": "I: 4.3361618E-07, J: 1.4140201E-07, K: 1",
        "InversePosition": "X: -0.037836045, Y: 0.0022102583, Z: -0.57429105",
        "DistanceFromParent": 0.048608802
      },
      {
        "Name": "f_r_mouth",
        "ParentNode": 16,
        "FirstChildNode": -1,
        "NextSiblingNode": 36,
        "Flags": "None",
        "DefaultTranslation": "X: 0.021532118, Y: 0.037827253, Z: -0.011499483",
        "DefaultRotation": "I: -0.44738975, J: -0.5475787, K: -0.36153913, W: -0.60769194",
        "DefaultScale": 1.0,
        "InverseForward": "I: 0.93969244, J: 0.34202054, K: -3.5081715E-07",
        "InverseLeft": "I: -0.3420206, J: 0.9396925, K: 1.8502848E-07",
        "InverseUp": "I: 3.7692894E-07, J: -1.0978849E-08, K: 1.0000001",
        "InversePosition": "X: -0.03588211, Y: -0.00082250533, Z: -0.57029116",
        "DistanceFromParent": 0.04501968
      },
      {
        "Name": "f_r_nose_corner",
        "ParentNode": 16,
        "FirstChildNode": -1,
        "NextSiblingNode": 37,
        "Flags": "None",
        "DefaultTranslation": "X: 0.033807576, Y: 0.034982257, Z: -0.0057142475",
        "DefaultRotation": "I: -0.49341238, J: -0.50650215, K: -0.41312754, W: -0.573869",
        "DefaultScale": 1.0,
        "InverseForward": "I: 0.9848078, J: 0.17364736, K: -4.067222E-07",
        "InverseLeft": "I: -0.17364727, J: 0.98480785, K: 6.214516E-09",
        "InverseUp": "I: 4.6981427E-07, J: 1.6284534E-07, K: 0.99999994",
        "InversePosition": "X: -0.03349111, Y: -0.00010305608, Z: -0.5828522",
        "DistanceFromParent": 0.048983295
      },
      {
        "Name": "jaw",
        "ParentNode": 16,
        "FirstChildNode": 40,
        "NextSiblingNode": -1,
        "Flags": "None",
        "DefaultTranslation": "X: 0.01865971, Y: 0.009540282, Z: -3.4215923E-08",
        "DefaultRotation": "I: 2.136501E-07, J: 2.2310412E-06, K: -0.7972474, W: -0.60365266",
        "DefaultScale": 1.0,
        "InverseForward": "I: 0.91186243, J: -0.41049618, K: -3.6335643E-06",
        "InverseLeft": "I: 2.232873E-06, J: -3.9642123E-06, K: 1",
        "InverseUp": "I: -0.4104962, J: -0.9118625, K: -2.6386283E-06",
        "InversePosition": "X: 0.22954746, Y: 0.52354723, Z: 1.5153134E-06",
        "DistanceFromParent": 0.020957142
      },
      {
        "Name": "r_forearm",
        "ParentNode": 17,
        "FirstChildNode": 42,
        "NextSiblingNode": -1,
        "Flags": "None",
        "DefaultTranslation": "X: 0.10706647, Y: 2.9802322E-08, Z: 0",
        "DefaultRotation": "I: -2.6699176E-10, J: -3.6157935E-08, K: 0.16787809, W: -0.9858078",
        "DefaultScale": 1.0,
        "InverseForward": "I: 0.3521345, J: -0.9346353, K: -0.049578883",
        "InverseLeft": "I: -0.57821643, J: -0.2588925, K: 0.7737185",
        "InverseUp": "I: -0.7359804, J: -0.24378575, K: -0.6315865",
        "InversePosition": "X: 0.2395803, Y: 0.061750695, Z: 0.36756822",
        "DistanceFromParent": 0.10706647
      },
      {
        "Name": "l_hand",
        "ParentNode": 18,
        "FirstChildNode": 43,
        "NextSiblingNode": -1,
        "Flags": "None",
        "DefaultTranslation": "X: 0.0970674, Y: 3.7252903E-09, Z: -5.9604645E-08",
        "DefaultRotation": "I: -0.7277908, J: 0.0008452648, K: 0.071162105, W: 0.68209666",
        "DefaultScale": 1.0,
        "InverseForward": "I: 0.2539192, J: -0.017776234, K: -0.96706194",
        "InverseLeft": "I: 0.5163321, J: -0.84295905, K: 0.15106712",
        "InverseUp": "I: -0.8178789, J: -0.5376842, K: -0.20486507",
        "InversePosition": "X: 0.18539263, Y: 0.34660038, Z: 0.068939336",
        "DistanceFromParent": 0.0970674
      },
      {
        "Name": "f_l_lip_lower",
        "ParentNode": 37,
        "FirstChildNode": -1,
        "NextSiblingNode": 41,
        "Flags": "None",
        "DefaultTranslation": "X: 0.031121418, Y: -0.009798706, Z: 0.005000042",
        "DefaultRotation": "I: -0.6842188, J: 0.17845424, K: 0.11814294, W: -0.6971665",
        "DefaultScale": 1.0,
        "InverseForward": "I: 0.99619466, J: -0.08715702, K: 3.8046716E-07",
        "InverseLeft": "I: 0.08715701, J: 0.9961946, K: 3.5874908E-07",
        "InverseUp": "I: -3.9887985E-07, J: -2.5881857E-07, K: 1.0000001",
        "InversePosition": "X: -0.038290165, Y: -0.0016690923, Z: -0.56779116",
        "DistanceFromParent": 0.03300845
      },
      {
        "Name": "f_r_lip_lower",
        "ParentNode": 37,
        "FirstChildNode": -1,
        "NextSiblingNode": -1,
        "Flags": "None",
        "DefaultTranslation": "X: 0.031121388, Y: -0.009798646, Z: -0.00499971",
        "DefaultRotation": "I: -0.69716823, J: 0.11814154, K: 0.17845571, W: -0.6842168",
        "DefaultScale": 1.0,
        "InverseForward": "I: 0.99619484, J: 0.08715485, K: -2.446046E-08",
        "InverseLeft": "I: -0.087154806, J: 0.9961948, K: 7.666672E-07",
        "InverseUp": "I: 9.64585E-08, J: -7.0370197E-07, K: 1.0000002",
        "InversePosition": "X: -0.038290378, Y: 0.0016691505, Z: -0.56779116",
        "DistanceFromParent": 0.033008352
      },
      {
        "Name": "r_hand",
        "ParentNode": 38,
        "FirstChildNode": 46,
        "NextSiblingNode": -1,
        "Flags": "None",
        "DefaultTranslation": "X: 0.09706737, Y: -4.0978193E-08, Z: -2.9802322E-08",
        "DefaultRotation": "I: 0.7277907, J: -0.0008453632, K: 0.0711619, W: 0.6820968",
        "DefaultScale": 1.0,
        "InverseForward": "I: 0.2537919, J: -0.018891666, K: 0.9670743",
        "InverseLeft": "I: -0.51613826, J: 0.8429247, K: 0.15191798",
        "InverseUp": "I: -0.818041, J: -0.5376995, K: 0.20417684",
        "InversePosition": "X: 0.18548535, Y: 0.34659377, Z: -0.06853791",
        "DistanceFromParent": 0.09706737
      },
      {
        "Name": "l_index1",
        "ParentNode": 39,
        "FirstChildNode": 49,
        "NextSiblingNode": 44,
        "Flags": "None",
        "DefaultTranslation": "X: 0.032009453, Y: -0.0031679869, Z: -0.009579048",
        "DefaultRotation": "I: -0.040833093, J: -0.028572056, K: -0.1311679, W: -0.99010676",
        "DefaultScale": 1.0,
        "InverseForward": "I: 0.2844646, J: -0.16790938, K: -0.9438676",
        "InverseLeft": "I: 0.26987562, J: -0.930702, K: 0.2469029",
        "InverseUp": "I: -0.91991675, J: -0.3249623, K: -0.2194371",
        "InversePosition": "X: 0.23591857, Y: 0.30402195, Z: 0.06278964",
        "DistanceFromParent": 0.033561874
      },
      {
        "Name": "l_ring1",
        "ParentNode": 39,
        "FirstChildNode": 50,
        "NextSiblingNode": 45,
        "Flags": "None",
        "DefaultTranslation": "X: 0.032009512, Y: -0.0047481954, Z: 0.0033555925",
        "DefaultRotation": "I: 0.041580398, J: 0.09675113, K: -0.28853586, W: -0.95166034",
        "DefaultScale": 1.0,
        "InverseForward": "I: 0.042102687, J: -0.021630902, K: -0.99887896",
        "InverseLeft": "I: -0.024828335, J: -0.9994796, K: 0.020597372",
        "InverseUp": "I: -0.9988047, J: 0.023932999, K: -0.04261786",
        "InversePosition": "X: 0.33125505, Y: 0.19977976, Z: 0.04039287",
        "DistanceFromParent": 0.03253328
