{
  "TagName": "objects\\weapons\\turret\\missile_pod\\missile_pod_weapon\\missile_pod_weapon",
  "TagType": "model",
  "TagVersion": "HaloOnlineED",
  "Bitmaps": null,
  "Animations": null,
  "RenderGeometry": null,
  "BlamScriptResource": null,
  "StructureBsp": null,
  "Sounds": null,
  "UnicodeStrings": null,
  "TagData": {
    "RenderModel": {
      "Type": "render_model",
      "Name": "objects\\weapons\\turret\\missile_pod\\missile_pod_weapon\\missile_pod_weapon"
    },
    "CollisionModel": {
      "Type": "collision_model",
      "Name": "objects\\weapons\\turret\\missile_pod\\missile_pod_weapon\\missile_pod_weapon"
    },
    "Animation": null,
    "PhysicsModel": {
      "Type": "physics_model",
      "Name": "objects\\weapons\\turret\\missile_pod\\missile_pod_weapon\\missile_pod_weapon"
    },
    "DisappearDistance": 45.0,
    "BeginFadeDistance": 40.0,
    "AnimationDistance": 0.0,
    "ShadowFadeDistance": 25.0,
    "InstanceDisappearDistance": 0.0,
    "LodModel": {
      "Type": "render_model",
      "Name": "objects\\weapons\\lod\\lod_missile_pod\\lod_missile_pod"
    },
    "Variants": [],
    "RegionSort": [],
    "InstanceGroups": [],
    "Materials": [
      {
        "MaterialName": "hard_metal_thick_hum",
        "MaterialType": "Dirt",
        "DamageSectionIndex": -1,
        "RuntimeCollisionMaterialIndex": 0,
        "RuntimeDamagerMaterialIndex": -1,
        "GlobalMaterialName": "invalid",
        "GlobalMaterialIndex": 70
      }
    ],
    "NewDamageInfo": [],
    "Targets": [],
    "CollisionRegions": [
      {
        "Name": "hull",
        "CollisionRegionIndex": 0,
        "PhysicsRegionIndex": 0,
        "Permutations": [
          {
            "Name": "standard",
            "Flags": "None",
            "CollisionPermutationIndex": 0,
            "PhysicsPermutationIndex": 0
          }
        ]
      }
    ],
    "Nodes": [
      {
        "Name": "gun",
        "ParentNode": -1,
        "FirstChildNode": 1,
        "NextSiblingNode": -1,
        "ImportNodeIndex": 0,
        "DefaultTranslation": "X: 4.5709996E-09, Y: 0.018643875, Z: -2.332E-09",
        "DefaultRotation": "I: -0.6272115, J: 0.32650533, K: -0.32650542, W: -0.62721145",
        "DefaultScale": 1.0,
        "Inverse": "M11: 0.5735769, M12: -0.8191517, M13: 1.4901161E-07, M21: 5.9604645E-08, M22: -1.6391277E-07, M23: -1, M31: 0.81915164, M32: 0.5735769, M33: -4.4703484E-08, M41: -1.8228199E-09, M42: 8.137893E-09, M43: 0.018643875"
      },
      {
        "Name": "body",
        "ParentNode": 0,
        "FirstChildNode": 2,
        "NextSiblingNode": -1,
        "ImportNodeIndex": 0,
        "DefaultTranslation": "X: 0, Y: 0, Z: 0",
        "DefaultRotation": "I: 0.7071068, J: 1.1569493E-08, K: 1.9195749E-08, W: -0.70710677",
        "DefaultScale": 1.0,
        "Inverse": "M11: 0.5735769, M12: -2.6405578E-08, M13: -0.8191517, M21: 1.6096022E-08, M22: 1, M23: -4.4703484E-08, M31: 0.81915164, M32: 1.1967944E-08, M33: 0.5735769, M41: -1.0116505E-09, M42: -0.018643875, M43: 5.9153695E-09"
      },
      {
        "Name": "barrel",
        "ParentNode": 1,
        "FirstChildNode": -1,
        "NextSiblingNode": 3,
        "ImportNodeIndex": 0,
        "DefaultTranslation": "X: 0.20323981, Y: -0.026922004, Z: 0.026420025",
        "DefaultRotation": "I: -0.7071068, J: 1.48654955E-08, K: 7.239239E-09, W: -0.70710677",
        "DefaultScale": 1.0,
        "Inverse": "M11: 0.5735769, M12: -0.8191517, M13: 1.0612559E-07, M21: -1.5164796E-08, M22: -1.6391277E-07, M23: -1, M31: 0.81915164, M32: 0.5735769, M33: -1.0595099E-07, M41: -0.20323978, M42: -0.026420014, M43: -0.008278118"
      },
      {
        "Name": "slide",
        "ParentNode": 1,
        "FirstChildNode": -1,
        "NextSiblingNode": -1,
        "ImportNodeIndex": 0,
        "DefaultTranslation": "X: 0.1657013, Y: -0.004507145, Z: 0.038732115",
        "DefaultRotation": "I: -0.7071068, J: 1.48654955E-08, K: 7.239239E-09, W: -0.70710677",
        "DefaultScale": 1.0,
        "Inverse": "M11: 0.5735769, M12: -0.8191517, M13: 1.0612559E-07, M21: -1.5164796E-08, M22: -1.6391277E-07, M23: -1, M31: 0.81915164, M32: 0.5735769, M33: -1.0595099E-07, M41: -0.16570129, M42: -0.038732108, M43: 0.014136741"
      }
    ],
    "RuntimeNodeListChecksum": 0,
    "ModelObjectData": [
      {
        "Type": "AutoGenerated",
        "Offset": "X: 0.116017, Y: -0.00762395, Z: 0.0483928",
        "Radius": 0.3817
      }
    ],
    "PrimaryDialogue": null,
    "SecondaryDialogue": null,
    "Flags": "None",
    "DefaultDialogueEffect": "invalid",
    "RenderOnlyNodeFlags": [
      12,
      0,
      0,
      0,
      0,
      0,
      0,
      0
    ],
    "RenderOnlySectionFlags": [
      0,
      0,
      0,
      0,
      0,
      0,
      0,
      0
    ],
    "RuntimeFlags": "ContainsRuntimeNodes",
    "ScenarioLoadParameters": [],
    "ShadowDetail": "Quadratic",
    "ShadowBounces": "ThreeBounces",
    "ShadowCastOverrides": [],
    "ShadowReceiveOverrides": [],
    "OcclusionSpheres": [],
    "ShieldImpactThirdPerson": null,
    "ShieldImpactFirstPerson": null,
    "OvershieldThirdPerson": null,
    "OvershieldFirstPerson": null
  }
}