{
  "TagName": "objects\\characters\\sentinel_aggressor\\sentinel_aggressor",
  "TagType": "model",
  "TagVersion": "HaloOnlineED",
  "Bitmaps": null,
  "Animations": null,
  "RenderGeometry": null,
  "BlamScriptResource": null,
  "StructureBsp": null,
  "Sounds": null,
  "UnicodeStrings": null,
  "TagData": {
    "RenderModel": {
      "Type": "render_model",
      "Name": "objects\\characters\\sentinel_aggressor\\sentinel_aggressor"
    },
    "CollisionModel": {
      "Type": "collision_model",
      "Name": "objects\\characters\\sentinel_aggressor\\sentinel_aggressor"
    },
    "Animation": {
      "Type": "model_animation_graph",
      "Name": "objects\\characters\\sentinel_aggressor\\sentinel_aggressor"
    },
    "PhysicsModel": {
      "Type": "physics_model",
      "Name": "objects\\characters\\sentinel_aggressor\\sentinel_aggressor"
    },
    "DisappearDistance": 65.0,
    "BeginFadeDistance": 62.5,
    "AnimationDistance": 0.0,
    "ShadowFadeDistance": 15.0,
    "InstanceDisappearDistance": 15.0,
    "LodModel": null,
    "Variants": [
      {
        "Name": "default",
        "Voice": null,
        "DialogueEffect": "invalid",
        "AiCharacter": "None",
        "ModelRegionIndices": [
          0,
          -1,
          -1,
          -1,
          -1,
          -1,
          -1,
          -1,
          -1,
          -1,
          -1,
          -1,
          -1,
          -1,
          -1,
          -1
        ],
        "Regions": [
          {
            "Name": "hull",
            "RenderModelRegionIndex": 0,
            "RuntimeFlags": 0,
            "ParentVariant": -1,
            "Permutations": [
              {
                "Name": "base",
                "RenderModelPermutationIndex": 0,
                "Flags": "None",
                "Probability": 1.0,
                "States": [
                  {
                    "Name": "destroyed",
                    "ModelPermutationIndex": -1,
                    "PropertyFlags": "None",
                    "State2": "Destroyed",
                    "LoopingEffect": null,
                    "LoopingEffectMarkerName": "invalid",
                    "InitialProbability": 0.0
                  }
                ],
                "RuntimeStatePermutationIndices": [
                  0,
                  0,
                  0,
                  0,
                  0,
                  0,
                  0,
                  0,
                  0,
                  0,
                  0,
                  0
                ]
              }
            ],
            "SortOrder": "NoSorting"
          }
        ],
        "Objects": [],
        "InstanceGroupIndex": -1
      }
    ],
    "RegionSort": [],
    "InstanceGroups": [],
    "Materials": [
      {
        "MaterialName": "r_arm_metal",
        "MaterialType": "Dirt",
        "DamageSectionIndex": -1,
        "RuntimeCollisionMaterialIndex": 0,
        "RuntimeDamagerMaterialIndex": -1,
        "GlobalMaterialName": "hard_metal_thin_for_sentinel_aggressor",
        "GlobalMaterialIndex": 173
      },
      {
        "MaterialName": "l_arm_metal",
        "MaterialType": "Dirt",
        "DamageSectionIndex": -1,
        "RuntimeCollisionMaterialIndex": 1,
        "RuntimeDamagerMaterialIndex": -1,
        "GlobalMaterialName": "hard_metal_thin_for_sentinel_aggressor",
        "GlobalMaterialIndex": 173
      },
      {
        "MaterialName": "head_metal",
        "MaterialType": "Dirt",
        "DamageSectionIndex": -1,
        "RuntimeCollisionMaterialIndex": 2,
        "RuntimeDamagerMaterialIndex": -1,
        "GlobalMaterialName": "hard_metal_thin_for_sentinel_aggressor",
        "GlobalMaterialIndex": 173
      },
      {
        "MaterialName": "gun_metal",
        "MaterialType": "Dirt",
        "DamageSectionIndex": -1,
        "RuntimeCollisionMaterialIndex": 3,
        "RuntimeDamagerMaterialIndex": -1,
        "GlobalMaterialName": "hard_metal_thin_for_sentinel_aggressor",
        "GlobalMaterialIndex": 173
      },
      {
        "MaterialName": "hull_metal",
        "MaterialType": "Dirt",
        "DamageSectionIndex": -1,
        "RuntimeCollisionMaterialIndex": 4,
        "RuntimeDamagerMaterialIndex": -1,
        "GlobalMaterialName": "hard_metal_thin_for_sentinel_aggressor",
        "GlobalMaterialIndex": 173
      }
    ],
    "NewDamageInfo": [
      {
        "Flags": "None",
        "GlobalIndirectMaterialName": "hard_metal_thin_for_sentinel",
        "IndirectDamageSection": -1,
        "CollisionDamageReportingType": {
          "HaloOnline": "Guardians"
        },
        "ResponseDamageReportingType": {
          "HaloOnline": "Guardians"
        },
        "MaximumVitality": 50.0,
        "MinStunDamage": 0.0,
        "StunTime": 0.0,
        "RechargeTime": 0.0,
        "RechargeFraction": 1.0,
        "MaxShieldVitality": 50.0,
        "GlobalShieldMaterialName": "energy_shield_thin_for",
        "ShieldMinStunDamage": 0.0,
        "ShieldStunTime": 10.0,
        "ShieldRechargeTime": 4.0,
        "ShieldDamagedThreshold": 0.5,
        "ShieldDamagedEffect": null,
        "ShieldDepletedEffect": null,
        "ShieldRechargingEffect": null,
        "DamageSections": [
          {
            "Name": "main",
            "Flags": "TakesFullDamageWhenObjectDies",
            "VitalityPercentage": 1.0,
            "InstantResponses": [
              {
                "ResponseType": "RecievesAllDamage",
                "ConstraintDamageType": "None",
                "ConstraintGroupName": "invalid",
                "Flags": "KillsObject, DestroysObject",
                "DamageThreshold": 0.0,
                "PrimaryTransitionEffect": {
                  "Type": "effect",
                  "Name": "fx\\scenery_fx\\explosions\\covenant_explosion_medium\\covenant_explosion_medium"
                },
                "SecondaryTransitionEffect": {
                  "Type": "effect",
                  "Name": "objects\\characters\\sentinel_aggressor\\fx\\destruction\\trans_hull_destroyed"
                },
                "TransitionDamageEffect": {
                  "Type": "damage_effect",
                  "Name": "objects\\characters\\sentinel_aggressor\\damage_effects\\death"
                },
                "Region": "invalid",
                "NewState": "Default",
                "RuntimeRegionIndex": -1,
                "SecondaryRegion": "invalid",
                "SecondaryNewState": "Default",
                "SecondaryRuntimeRegionIndex": -1,
                "DestroyInstanceGroup": -1,
                "CustomResponseBehavior": "PlaysAlways",
                "CustomResponseLabel": "invalid",
                "EffectMarkerName": "fx_hull_destroyed",
                "DamageEffectMarkerName": "invalid",
                "ResponseDelay": 1.0,
                "DelayEffect": null,
                "DelayEffectMarkerName": "fx_hull_destroyed",
                "EjectingSeatLabel": "invalid",
                "SkipFraction": 0.0,
                "DestroyedChildObjectMarkerName": "invalid",
                "TotalDamageThreshold": 0.0
              }
            ],
            "StunTime": 0.0,
            "RechargeTime": 0.0,
            "RuntimeRechargeVelocity": 0.0,
            "ResurrectionRestoredRegionName": "invalid",
            "ResurrectionRegionRuntimeIndex": -1
          },
          {
            "Name": "hull",
            "Flags": "None",
            "VitalityPercentage": 0.0,
            "InstantResponses": [
              {
                "ResponseType": "RecievesAllDamage",
                "ConstraintDamageType": "None",
                "ConstraintGroupName": "invalid",
                "Flags": "KillsObject, DestroysObject",
                "DamageThreshold": 0.0,
                "PrimaryTransitionEffect": null,
                "SecondaryTransitionEffect": null,
                "TransitionDamageEffect": {
                  "Type": "damage_effect",
                  "Name": "objects\\characters\\sentinel_aggressor\\damage_effects\\emp_death"
                },
                "Region": "invalid",
                "NewState": "Default",
                "RuntimeRegionIndex": -1,
                "SecondaryRegion": "invalid",
                "SecondaryNewState": "Default",
                "SecondaryRuntimeRegionIndex": -1,
                "DestroyInstanceGroup": -1,
                "CustomResponseBehavior": "PlaysAlways",
                "CustomResponseLabel": "invalid",
                "EffectMarkerName": "fx_hull_destroyed",
                "DamageEffectMarkerName": "invalid",
                "ResponseDelay": 0.0,
                "DelayEffect": null,
                "DelayEffectMarkerName": "fx_hull_destroyed",
                "EjectingSeatLabel": "invalid",
                "SkipFraction": 0.0,
                "DestroyedChildObjectMarkerName": "invalid",
                "TotalDamageThreshold": 0.0
              }
            ],
            "StunTime": 0.0,
            "RechargeTime": 0.0,
            "RuntimeRechargeVelocity": 0.0,
            "ResurrectionRestoredRegionName": "invalid",
            "ResurrectionRegionRuntimeIndex": -1
          }
        ],
        "Nodes": [
          {
            "RuntimeDamagePart": -1
          },
          {
            "RuntimeDamagePart": -1
          },
          {
            "RuntimeDamagePart": -1
          },
          {
            "RuntimeDamagePart": -1
          },
          {
            "RuntimeDamagePart": 2
          },
          {
            "RuntimeDamagePart": -1
          },
          {
            "RuntimeDamagePart": -1
          },
          {
            "RuntimeDamagePart": -1
          },
          {
            "RuntimeDamagePart": 2
          },
          {
            "RuntimeDamagePart": -1
          },
          {
            "RuntimeDamagePart": -1
          },
          {
            "RuntimeDamagePart": -1
          },
          {
            "RuntimeDamagePart": -1
          },
          {
            "RuntimeDamagePart": 2
          },
          {
            "RuntimeDamagePart": -1
          },
          {
            "RuntimeDamagePart": -1
          },
          {
            "RuntimeDamagePart": -1
          },
          {
            "RuntimeDamagePart": -1
          },
          {
            "RuntimeDamagePart": -1
          },
          {
            "RuntimeDamagePart": -1
          },
          {
            "RuntimeDamagePart": -1
          },
          {
            "RuntimeDamagePart": -1
          },
          {
            "RuntimeDamagePart": -1
          }
        ],
        "GlobalShieldMaterialIndex": 151,
        "GlobalIndirectMaterialIndex": 67,
        "RuntimeShieldRechargeVelocity": 0.25,
        "RuntimeHealthRechargeVelocity": 0.0,
        "DamageSeats": [],
        "DamageConstraints": []
      }
    ],
    "Targets": [
      {
        "Flags": "None",
        "MarkerName": "target_main",
        "Size": 0.12,
        "ConeAngle": "Degrees: 180",
        "DamageSection": -1,
        "Variant": -1,
        "TargetingRelevance": 1.0,
        "AoeExclusionRadius": 0.0,
        "LockOnData": {
          "Flags": "0",
          "LockOnDistance": 20.0,
          "TrackingType": "bipeds"
        }
      },
      {
        "Flags": "None",
        "MarkerName": "target_head",
        "Size": 0.065,
        "ConeAngle": "Degrees: 180",
        "DamageSection": -1,
        "Variant": -1,
        "TargetingRelevance": 1.0,
        "AoeExclusionRadius": 0.0,
        "LockOnData": {
          "Flags": "0",
          "LockOnDistance": 20.0,
          "TrackingType": "bipeds"
        }
      }
    ],
    "CollisionRegions": [
      {
        "Name": "hull",
        "CollisionRegionIndex": 0,
        "PhysicsRegionIndex": 0,
        "Permutations": [
          {
            "Name": "base",
            "Flags": "None",
            "CollisionPermutationIndex": 0,
            "PhysicsPermutationIndex": 0
          }
        ]
      },
      {
        "Name": "shield",
        "CollisionRegionIndex": -1,
        "PhysicsRegionIndex": -1,
        "Permutations": [
          {
            "Name": "base",
            "Flags": "None",
            "CollisionPermutationIndex": -1,
            "PhysicsPermutationIndex": -1
          }
        ]
      }
    ],
    "Nodes": [
      {
        "Name": "root_fuselage",
        "ParentNode": -1,
        "FirstChildNode": 1,
        "NextSiblingNode": -1,
        "ImportNodeIndex": 0,
        "DefaultTranslation": "X: -0, Y: -0, Z: -0",
        "DefaultRotation": "I: -0, J: -0, K: -0, W: -1",
        "DefaultScale": 1.0,
        "Inverse": "M11: 1, M12: 0, M13: 0, M21: 0, M22: 1, M23: 0, M31: 0, M32: 0, M33: 1, M41: 0, M42: 0, M43: 0"
      },
      {
        "Name": "gun_door_l",
        "ParentNode": 0,
        "FirstChildNode": -1,
        "NextSiblingNode": 2,
        "ImportNodeIndex": 0,
        "DefaultTranslation": "X: 0.096592434, Y: 0.062238764, Z: -0.047901753",
        "DefaultRotation": "I: -0.7071068, J: 0, K: 0, W: -0.7071068",
        "DefaultScale": 1.0,
        "Inverse": "M11: 1, M12: 0, M13: 0, M21: 0, M22: 0, M23: -1, M31: 0, M32: 1, M33: 0, M41: -0.096592434, M42: 0.047901753, M43: 0.062238764"
      },
      {
        "Name": "gun_door_r",
        "ParentNode": 0,
        "FirstChildNode": -1,
        "NextSiblingNode": 3,
        "ImportNodeIndex": 0,
        "DefaultTranslation": "X: 0.096592434, Y: -0.06220154, Z: -0.047901753",
        "DefaultRotation": "I: 0.7071068, J: 0, K: 0, W: -0.7071068",
        "DefaultScale": 1.0,
        "Inverse": "M11: 1, M12: 0, M13: 0, M21: 0, M22: 0, M23: 1, M31: 0, M32: -1, M33: 0, M41: -0.096592434, M42: -0.047901753, M43: 0.06220154"
      },
      {
        "Name": "gun_turntable",
        "ParentNode": 0,
        "FirstChildNode": 7,
        "NextSiblingNode": 4,
        "ImportNodeIndex": 0,
        "DefaultTranslation": "X: 0.10813397, Y: 1.8610615E-05, Z: -0.065645546",
        "DefaultRotation": "I: 0, J: 0, K: 0, W: -1",
        "DefaultScale": 1.0,
        "Inverse": "M11: 1, M12: 0, M13: 0, M21: 0, M22: 1, M23: 0, M31: 0, M32: 0, M33: 1, M41: -0.10813397, M42: -1.8610615E-05, M43: 0.065645546"
      },
      {
        "Name": "neck",
        "ParentNode": 0,
        "FirstChildNode": 8,
        "NextSiblingNode": 5,
        "ImportNodeIndex": 0,
        "DefaultTranslation": "X: 0.1919387, Y: 1.857247E-05, Z: 0.045661535",
        "DefaultRotation": "I: 6.16E-08, J: -0.7372773, K: -3.16E-08, W: -0.6755902",
        "DefaultScale": 1.0,
        "Inverse": "M11: -0.0871557, M12: -1.3352987E-07, M13: 0.9961947, M21: -4.8135263E-08, M22: 1, M23: 1.2982863E-07, M31: -0.9961947, M32: -3.6636788E-08, M33: -0.0871557, M41: 0.06221633, M42: -1.8545166E-05, M43: -0.18722865"
      },
      {
        "Name": "shoulder_l",
        "ParentNode": 0,
        "FirstChildNode": 9,
        "NextSiblingNode": 6,
        "ImportNodeIndex": 0,
        "DefaultTranslation": "X: 0.25763646, Y: 0.047024492, Z: 0.0005327535",
        "DefaultRotation": "I: -0.3826835, J: 0, K: 0, W: -0.9238795",
        "DefaultScale": 1.0,
        "Inverse": "M11: 1, M12: 0, M13: 0, M21: 0, M22: 0.7071067, M23: -0.7071068, M31: 0, M32: 0.7071068, M33: 0.7071067, M41: -0.25763646, M42: -0.033628047, M43: 0.032874625"
      },
      {
        "Name": "shoulder_r",
        "ParentNode": 0,
        "FirstChildNode": 10,
        "NextSiblingNode": -1,
        "ImportNodeIndex": 0,
        "DefaultTranslation": "X: 0.25763646, Y: -0.046829343, Z: 0.0005327535",
        "DefaultRotation": "I: 0.3826835, J: 0, K: 0, W: -0.9238795",
        "DefaultScale": 1.0,
        "Inverse": "M11: 1, M12: 0, M13: 0, M21: 0, M22: 0.7071067, M23: 0.7071068, M31: 0, M32: -0.7071068, M33: 0.7071067, M41: -0.25763646, M42: 0.033490054, M43: 0.032736633"
      },
      {
        "Name": "gun_swingarm",
        "ParentNode": 3,
        "FirstChildNode": 11,
        "NextSiblingNode": -1,
        "ImportNodeIndex": 0,
        "DefaultTranslation": "X: 0.00014639646, Y: 0, Z: -0.0017816052",
        "DefaultRotation": "I: 0, J: -0.46174863, K: 0, W: -0.8870108",
        "DefaultScale": 1.0,
        "Inverse": "M11: 0.57357645, M12: 0, M13: 0.81915206, M21: 0, M22: 1, M23: 0, M31: -0.81915206, M32: 0, M33: 0.57357645, M41: -0.117340155, M42: -1.8610615E-05, M43: -0.05002346"
      },
      {
        "Name": "head",
        "ParentNode": 4,
        "FirstChildNode": 13,
        "NextSiblingNode": -1,
        "ImportNodeIndex": 0,
        "DefaultTranslation": "X: -0.07957126, Y: -1.8189894E-12, Z: 0.031876177",
        "DefaultRotation": "I: 1.8825963E-08, J: 0.6087614, K: 9.69467E-09, W: -0.79335344",
        "DefaultScale": 1.0,
        "Inverse": "M11: 0.9396927, M12: -1.548673E-07, M13: 0.34202018, M21: 1.2048496E-07, M22: 1, M23: 1.2177199E-07, M31: -0.34202018, M32: -7.321996E-08, M33: 0.9396927, M41: -0.17494169, M42: -1.8535775E-05, M43: -0.19366482"
      },
      {
        "Name": "upper_arm_l",
        "ParentNode": 5,
        "FirstChildNode": 14,
        "NextSiblingNode": -1,
        "ImportNodeIndex": 0,
        "DefaultTranslation": "X: -0.0011556447, Y: 0.0179076, Z: 0.00024821982",
        "DefaultRotation": "I: 3.364477E-08, J: 4.012943E-09, K: 0.46174863, W: -0.8870108",
        "DefaultScale": 1.0,
        "Inverse": "M11: 0.57357645, M12: 0.81915206, M13: 2.3951806E-08, M21: -0.5792279, M22: 0.40557975, M23: -0.70710677, M31: -0.579228, M32: 0.40557975, M33: 0.70710677, M41: -0.10489582, M42: -0.23965642, M43: 0.032626394"
      },
      {
        "Name": "upper_arm_r",
        "ParentNode": 6,
        "FirstChildNode": 15,
        "NextSiblingNode": -1,
        "ImportNodeIndex": 0,
        "DefaultTranslation": "X: -0.0011556447, Y: -0.017907638, Z: 0.0002482161",
        "DefaultRotation": "I: 3.665998E-06, J: 2.350183E-06, K: -0.46174926, W: -0.88701063",
        "DefaultScale": 1.0,
        "Inverse": "M11: 0.5735753, M12: -0.8191528, M13: -7.554817E-06, M21: 0.579229, M22: 0.40557283, M23: 0.70710987, M31: -0.579228, M32: -0.40558517, M33: 0.70710367, M41: -0.105008475, M42: 0.23957713, M43: 0.032490578"
      },
      {
        "Name": "gun_door_front",
        "ParentNode": 7,
        "FirstChildNode": -1,
        "NextSiblingNode": 12,
        "ImportNodeIndex": 0,
        "DefaultTranslation": "X: 0, Y: -0.043484945, Z: -0.024314154",
        "DefaultRotation": "I: 0, J: -0.3007058, K: 0, W: -0.953717",
        "DefaultScale": 1.0,
        "Inverse": "M11: 4.8825267E-08, M12: 0, M13: 1, M21: 0, M22: 1, M23: 0, M31: -1, M32: 0, M33: 4.8825267E-08, M41: -0.081373185, M42: 0.043466333, M43: -0.08836337"
      },
      {
        "Name": "gun_housing",
        "ParentNode": 7,
        "FirstChildNode": 16,
        "NextSiblingNode": -1,
        "ImportNodeIndex": 0,
        "DefaultTranslation": "X: 0.1069054, Y: -0.00013656614, Z: -0.0084376",
        "DefaultRotation": "I: 0, J: -0.08715575, K: 0, W: -0.99619466",
        "DefaultScale": 1.0,
        "Inverse": "M11: 0.42261824, M12: 0, M13: 0.9063078, M21: 0, M22: 1, M23: 0, M31: -0.9063078, M32: 0, M33: 0.42261824, M41: -0.21361746, M42: 0.000117955526, M43: -0.07989392"
      },
      {
        "Name": "eye",
        "ParentNode": 8,
        "FirstChildNode": -1,
        "NextSiblingNode": -1,
        "ImportNodeIndex": 0,
        "DefaultTranslation": "X: 0.110614136, Y: -7.2708135E-05, Z: -0.00056391954",
        "DefaultRotation": "I: -5.6754537E-08, J: 0.17364821, K: 5.633417E-08, W: -0.98480785",
        "DefaultScale": 1.0,
        "Inverse": "M11: 1.0000001, M12: -2.4200006E-08, M13: 7.619047E-09, M21: 2.4200023E-08, M22: 1, M23: -1.8999993E-08, M31: -7.619023E-09, M32: 1.9000002E-08, M33: 1.0000001, M41: -0.3343791, M42: 5.412094E-05, M43: -0.083789654"
      },
      {
        "Name": "lower_arm_l",
        "ParentNode": 9,
        "FirstChildNode": 19,
        "NextSiblingNode": -1,
        "ImportNodeIndex": 0,
        "DefaultTranslation": "X: -0.19216031, Y: 0.12707065, Z: -0.025921397",
        "DefaultRotation": "I: -2.0557716E-08, J: 3.0540374E-08, K: -0.1736482, W: -0.9848077",
        "DefaultScale": 1.0,
        "Inverse": "M11: 0.8191521, M12: 0.5735764, M13: -4.831181E-08, M21: -0.4055798, M22: 0.5792279, M23: -0.70710677, M31: -0.40557975, M32: 0.579228, M33: 0.70710677, M41: -0.043426286, M42: -0.3744569, M43: 0.0585478"
      },
      {
        "Name": "lower_arm_r",
        "ParentNode": 10,
        "FirstChildNode": 21,
        "NextSiblingNode": -1,
        "ImportNodeIndex": 0,
        "DefaultTranslation": "X: -0.19216037, Y: -0.12756898, Z: -0.025921442",
        "DefaultRotation": "I: -9.0651747E-07, J: -9.690332E-07, K: 0.17364956, W: -0.9848076",
        "DefaultScale": 1.0,
        "Inverse": "M11: 0.81915283, M12: -0.5735752, M13: -4.9023884E-06, M21: 0.40557995, M22: 0.57922393, M23: 0.7071099, M31: -0.40557793, M32: -0.5792331, M33: 0.7071036, M41: -0.043676544, M42: 0.37481213, M43: 0.05841137"
      },
      {
        "Name": "gun_barrel",
        "ParentNode": 12,
        "FirstChildNode": -1,
        "NextSiblingNode": 17,
        "ImportNodeIndex": 0,
        "DefaultTranslation": "X: -0.000981167, Y: 0.00048736567, Z: 0.031488836",
        "DefaultRotation": "I: 5.3303095E-09, J: 0.09801713, K: 1.9442145E-10, W: -0.9951847",
        "DefaultScale": 1.0,
        "Inverse": "M11: 0.5913096, M12: -8.975591E-09, M13: 0.8064447, M21: 6.5795275E-10, M22: 1, M23: 1.06473985E-08, M31: -0.8064447, M32: -5.7653065E-09, M33: 0.5913096, M41: -0.23028025, M42: -0.00036940927, M43: -0.06775929"
      },
      {
        "Name": "gun_housing_leaf_l",
        "ParentNode": 12,
        "FirstChildNode": -1,
        "NextSiblingNode": 18,
        "ImportNodeIndex": 0,
        "DefaultTranslation": "X: 0.018500358, Y: 0.026855886, Z: 0.017618977",
        "DefaultRotation": "I: 0.38268355, J: -7.52928E-09, K: 5.163642E-09, W: -0.92387944",
        "DefaultScale": 1.0,
        "Inverse": "M11: 0.42261824, M12: -0.6408566, M13: 0.6408562, M21: -1.530383E-08, M22: 0.7071066, M23: 0.707107, M31: -0.9063078, M32: -0.29883632, M33: 0.2988361, M41: -0.23211782, M42: 0.050045483, M43: -0.08785858"
      },
      {
        "Name": "gun_housing_leaf_r",
        "ParentNode": 12,
        "FirstChildNode": -1,
        "NextSiblingNode": -1,
        "ImportNodeIndex": 0,
        "DefaultTranslation": "X: 0.018500388, Y: -0.025881192, Z: 0.017618984",
        "DefaultRotation": "I: -0.3826834, J: -6.387495E-10, K: -2.9085115E-08, W: -0.92387956",
        "DefaultScale": 1.0,
        "Inverse": "M11: 0.42261827, M12: 0.6408563, M13: 0.64085644, M21: 5.4231165E-08, M22: 0.7071068, M23: -0.7071067, M31: -0.9063078, M32: 0.29883623, M33: 0.29883623, M41: -0.23211786, M42: -0.050567843, M43: -0.08733621"
      },
      {
        "Name": "claw1a_l",
        "ParentNode": 14,
        "FirstChildNode": -1,
        "NextSiblingNode": 20,
        "ImportNodeIndex": 0,
        "DefaultTranslation": "X: 0.27548337, Y: -0.11127767, Z: 0.016827624",
        "DefaultRotation": "I: -0.24184468, J: -0.66446304, K: -0.66446304, W: -0.24184474",
        "DefaultScale": 1.0,
        "Inverse": "M11: -0.25881925, M12: -9.163538E-08, M13: 0.96592575, M21: 0.68301266, M22: -0.7071067, M23: 0.18301271, M31: 0.68301255, M32: 0.7071068, M33: 0.18301287, M41: 0.07513067, M42: 0.041720193, M43: -0.40659815"
      },
      {
        "Name": "claw2a_l",
        "ParentNode": 14,
        "FirstChildNode": -1,
        "NextSiblingNode": -1,
        "ImportNodeIndex": 0,
        "DefaultTranslation": "X: 0.27548337, Y: -0.11127767, Z: 0.03643834",
        "DefaultRotation": "I: -0.18301265, J: -0.6830127, K: -0.6830127, W: -0.18301268",
        "DefaultScale": 1.0,
        "Inverse": "M11: -0.42261854, M12: -9.836531E-08, M13: 0.90630776, M21: 0.6408564, M22: -0.70710677, M23: 0.29883632, M31: 0.6408563, M32: 0.70710677, M33: 0.29883635, M41: 0.14459433, M42: 0.022109484, M43: -0.38737476"
      },
      {
        "Name": "claw1a_r",
        "ParentNode": 15,
        "FirstChildNode": -1,
        "NextSiblingNode": 22,
        "ImportNodeIndex": 0,
        "DefaultTranslation": "X: 0.2754834, Y: 0.11179519, Z: 0.016827602",
        "DefaultRotation": "I: -0.66446304, J: -0.24184476, K: -0.24184479, W: -0.66446304",
        "DefaultScale": 1.0,
        "Inverse": "M11: 0.25882047, M12: -4.964034E-06, M13: 0.96592534, M21: 0.6830103, M22: 0.70710987, M23: -0.18300948, M31: -0.6830145, M32: 0.70710355, M33: 0.18301788, M41: -0.07542666, M42: 0.0415838, M43: -0.4066347"
      },
      {
        "Name": "claw2a_r",
        "ParentNode": 15,
        "FirstChildNode": -1,
        "NextSiblingNode": -1,
        "ImportNodeIndex": 0,
        "DefaultTranslation": "X: 0.2754834, Y: 0.11179516, Z: 0.036438316",
        "DefaultRotation": "I: -0.6830127, J: -0.18301265, K: -0.18301271, W: -0.6830127",
        "DefaultScale": 1.0,
        "Inverse": "M11: 0.4226196, M12: -4.9243454E-06, M13: 0.90630716, M21: 0.6408546, M22: 0.7071099, M23: -0.29883277, M31: -0.6408573, M32: 0.7071038, M33: 0.29884166, M41: -0.14489214, M42: 0.021973072, M43: -0.38735938"
      }
    ],
    "RuntimeNodeListChecksum": 0,
    "ModelObjectData": [
      {
        "Type": "AutoGenerated",
        "Offset": "X: 0.0730738, Y: 0, Z: 0.0403826",
        "Radius": 0.679641
      }
    ],
    "PrimaryDialogue": null,
    "SecondaryDialogue": null,
    "Flags": "None",
    "DefaultDialogueEffect": "invalid",
    "RenderOnlyNodeFlags": [
      8259590,
      0,
      0,
      0,
      0,
      0,
      0,
      0
    ],
    "RenderOnlySectionFlags": [
      0,
      0,
      0,
      0,
      0,
      0,
      0,
      0
    ],
    "RuntimeFlags": "ContainsRuntimeNodes",
    "ScenarioLoadParameters": [],
    "ShadowDetail": "Linear",
    "ShadowBounces": "TwoBounces",
    "ShadowCastOverrides": [
      {
        "Region": "shield",
        "Permutation": "invalid"
      }
    ],
    "ShadowReceiveOverrides": [],
    "OcclusionSpheres": [],
    "ShieldImpactThirdPerson": null,
    "ShieldImpactFirstPerson": null,
    "OvershieldThirdPerson": null,
    "OvershieldFirstPerson": null
  }
}